  0.100000000000000E+001  0.307642395131402E+009  0.761960181295282E-001  0.750004828331117E+001  0.391578813201602E+003 -0.506166809329658E+003 -0.860174379390108E+003  0.245547512467462E+001  0.114661689139218E+001  0.740140731489439E+002  0.973652006826496E+001  0.239337767270849E+002
  0.100000000000000E+001  0.194771287418135E+008  0.433869820981567E+000  0.758144577862832E+001  0.297423318454559E+003 -0.849876785607807E+003  0.356779190553649E+003  0.242670263687222E+001  0.188752935850890E+001  0.830074286980411E+002  0.897027095922307E+001  0.151473843920231E+002
  0.100000000000000E+001  0.979118148557898E+008  0.175635975388707E+000  0.755743521296685E+001  0.911996232293936E+003  0.721338539177847E+003 -0.688033215448969E+003  0.262497050856219E+001  0.100410750708271E+001  0.688096825666220E+002  0.565130355730857E+001  0.136362722465440E+002
  0.100000000000000E+001  0.303543633932762E+009  0.325741929916877E+000  0.757619159607805E+001 -0.727380225905912E+003  0.340292875635042E+003 -0.471186655564456E+003  0.250272420661664E+001  0.486148231752928E+000  0.601499252680599E+002  0.104450515954809E+002  0.208808295852758E+002
  0.100000000000000E+001  0.232303924609514E+009  0.346180554453532E+000  0.732681936725305E+001  0.715730430783874E+003  0.658415137692559E+003 -0.927382800438979E+003  0.234296088765840E+001  0.183479427929214E+001  0.730876677044448E+002  0.107020798204216E+002  0.252630996358351E+002
  0.100000000000000E+001  0.307879818323241E+008  0.373898503442444E+000  0.742940888727979E+001  0.536199464628047E+003  0.820983140570540E+003  0.289668118697439E+002  0.246642384978992E+001  0.491081065790975E+000  0.793931265959523E+002  0.116584185450814E+002  0.241307384496105E+002
  0.100000000000000E+001  0.489891351361561E+010  0.936958988614223E-002  0.747238050391975E+001  0.276793753924387E+003  0.671063702517444E+003  0.689282556155915E+003  0.247786319824635E+001  0.148364040997886E+001  0.791939712312323E+002  0.672545650836634E+001  0.147125574726524E+002
  0.100000000000000E+001  0.980703477796273E+008  0.307047398848635E+000  0.747382852819100E+001 -0.759203616615525E+003 -0.641816943259780E+003 -0.407739589903364E+003  0.260111804621746E+001  0.276125847748622E+000  0.743706817438129E+002  0.553929565384049E+001  0.130991804460113E+002
  0.100000000000000E+001  0.479143918408785E+009  0.243658353325550E+000  0.732045208231867E+001  0.788243614241610E+003  0.566567829206202E+003 -0.315622348559181E+003  0.247276525216584E+001  0.503278405946209E+000  0.892674426397694E+002  0.913407040489496E+001  0.293189414575492E+002
  0.100000000000000E+001  0.139193981214878E+009  0.367390730930954E+000  0.737539857933370E+001  0.620520552020399E+003 -0.301922590030080E+002  0.210639330000220E+003  0.248476573982574E+001  0.120742103320547E+001  0.644073646902088E+002  0.905626289900627E+001  0.284407775715908E+002
  0.100000000000000E+001  0.623237821975391E+008  0.460418761762392E+000  0.737770339227197E+001 -0.713311223675124E+003  0.954465179853414E+003 -0.772115165341728E+003  0.267099782288520E+001  0.574486236011854E+000  0.812732056014728E+002  0.103017904981327E+002  0.271175045358933E+002
  0.100000000000000E+001  0.676895171681726E+010  0.599820023450956E-001  0.731432790830418E+001  0.890268286995153E+003  0.853207516919253E+003  0.956476545964350E+003  0.269825657283224E+001  0.104786025991283E+001  0.816358709774668E+002  0.389767937174332E+001  0.276082541288058E+002
  0.100000000000000E+001  0.169465028500979E+009  0.426185649350387E+000  0.732677726715151E+001  0.529516116587388E+003  0.211988062570424E+003  0.451305390551411E+003  0.233691042104016E+001  0.191069789567221E+001  0.620397675738474E+002  0.428507115282292E+001  0.224102770963365E+002
  0.100000000000000E+001  0.233046654221323E+008  0.453600864744741E+000  0.751939011954512E+001  0.134156295109531E+003  0.646776333862623E+003  0.782650463334478E+003  0.264932403733003E+001  0.296341848670683E+000  0.887493267993169E+002  0.109585023625107E+002  0.148762361090515E+002
  0.100000000000000E+001  0.639433233583030E+008  0.356728339804838E+000  0.754341184697630E+001 -0.220226678483377E+003 -0.619703514594433E+003  0.824067746834686E+003  0.267315504281037E+001  0.191656691231101E+001  0.635705688406491E+002  0.624706430315771E+001  0.129354859109156E+002
  0.100000000000000E+001  0.108890260585335E+009  0.367160137403186E+000  0.743408937861243E+001 -0.742868671953904E+003  0.336863600072082E+003 -0.460352704917168E+003  0.267515679722166E+001  0.881342894556880E+000  0.805972374619150E+002  0.714218714966451E+001  0.105659657991359E+002
  0.100000000000000E+001  0.208464644409745E+011  0.330522412969228E-001  0.755093498397241E+001 -0.768025789891481E+003  0.741108419019200E+003  0.580549308918347E+003  0.243994992696810E+001  0.526650113544985E+000  0.674741173714514E+002  0.644504898838192E+001  0.170730774771716E+002
  0.100000000000000E+001  0.359624263772631E+009  0.191453065268278E+000  0.745632777617058E+001  0.563745131337527E+003 -0.712683498413993E+003 -0.587941009856612E+002  0.237223594677996E+001  0.159368546858987E+001  0.616759478418076E+002  0.770101032712590E+001  0.100796976782197E+002
  0.100000000000000E+001  0.286342607457158E+009  0.212992004375232E+000  0.756223867767135E+001 -0.380032747261098E+003  0.404280678967416E+003 -0.768058503487423E+003  0.239563304693588E+001  0.317288045529339E+000  0.674704790166123E+002  0.759066570717463E+001  0.159710689968486E+002
  0.100000000000000E+001  0.166522521228828E+009  0.228090003243438E+000  0.744621239003621E+001 -0.852400226007940E+003 -0.808610753423728E+003 -0.973377669202877E+003  0.260546091088432E+001  0.157114347275874E+000  0.654757715621595E+002  0.394276593037319E+001  0.168764243616099E+002
  0.100000000000000E+001  0.702901637805659E+010  0.207572272803520E-001  0.738261000001458E+001 -0.597954526299448E+003 -0.108716122870999E+003 -0.269091767705295E+003  0.257609074414968E+001  0.969941238593127E+000  0.874803822366461E+002  0.784687700713651E+001  0.286826366817159E+002
  0.100000000000000E+001  0.294641552253824E+008  0.457709184175412E+000  0.759645818606835E+001  0.893601340630354E+003  0.449482199540537E+003 -0.797114660235705E+003  0.238170381433596E+001  0.196745322388841E+001  0.605347039533516E+002  0.396797115749555E+001  0.294855961872657E+002
  0.100000000000000E+001  0.690041895809015E+009  0.119201566625926E+000  0.754306013910043E+001 -0.761416194261220E+003 -0.594278308044296E+003  0.351415283160364E+003  0.241559879205731E+001  0.151734197068860E+001  0.723122493939833E+002  0.104130667747773E+002  0.278334856992963E+002
  0.100000000000000E+001  0.165104500981110E+009  0.310927858822345E+000  0.739654751233591E+001  0.171993654607848E+003 -0.649791426026612E+003  0.901692242167909E+003  0.232842522392090E+001  0.116118221659818E+001  0.734647797613853E+002  0.939359971544432E+001  0.143562355581584E+002
  0.100000000000000E+001  0.459806633310023E+009  0.890822323099765E-001  0.736756709603141E+001 -0.345771391034852E+003 -0.865296006569577E+003  0.988448802188273E+003  0.268768642559247E+001  0.163432709674195E+000  0.875831222590295E+002  0.350176697430383E+001  0.177076151843268E+002
  0.100000000000000E+001  0.175039972381426E+008  0.950476441020155E-001  0.744401543354637E+001 -0.285190574911922E+003  0.311619183804403E+003 -0.161964558920755E+003  0.232253684631613E+001  0.251018178624337E+000  0.782627559606022E+002  0.501775048249567E+001  0.148414714288734E+002
  0.100000000000000E+001  0.395640857491276E+007  0.312265616275399E+000  0.748911409718294E+001  0.408046529158323E+002 -0.594984313167716E+003  0.774351757475380E+003  0.266678465381985E+001  0.100594395034007E+001  0.823210614548115E+002  0.117766158028792E+002  0.101762392279227E+002
  0.100000000000000E+001  0.118789597554769E+011  0.127987015247952E-001  0.753562956804824E+001  0.160707321194846E+003 -0.248715359358905E+003  0.367710043274780E+003  0.231091752475374E+001  0.157845500559824E+001  0.824183683407106E+002  0.102568284631915E+002  0.218593104578798E+002
  0.100000000000000E+001  0.200126793096955E+008  0.308072900807359E+000  0.754930412162162E+001  0.334932897227174E+003 -0.254016313047066E+003 -0.867528757139850E+003  0.239702729822873E+001  0.196179363243411E+001  0.736104083542800E+002  0.106294223775133E+002  0.296871057386186E+002
  0.100000000000000E+001  0.143573325833349E+008  0.384471404375301E+000  0.753750271557170E+001  0.424099803869585E+003  0.540687627844673E+003 -0.364718828346861E+003  0.250705228214463E+001  0.245849630678352E+000  0.681992794954602E+002  0.995648853180811E+001  0.162324894625400E+002
  0.100000000000000E+001  0.206512682289778E+008  0.420673193500210E+000  0.737220893974793E+001 -0.708660073653329E+003 -0.848005906434493E+003  0.162954894089233E+002  0.265583338877343E+001  0.191066329524469E+001  0.754983459270942E+002  0.112744188630483E+002  0.145613828937460E+002
  0.100000000000000E+001  0.129285186076110E+009  0.242971399613957E+000  0.735328159245671E+001  0.375079440895374E+002  0.524267395038364E+003 -0.457051961983485E+003  0.238284519641873E+001  0.228230305011438E+000  0.711283500428623E+002  0.569426959158496E+001  0.240795783158751E+002
  0.100000000000000E+001  0.119201168217335E+009  0.851769635284526E-001  0.741604673690834E+001 -0.121224730157564E+003  0.647867894647198E+003 -0.366001879964855E+003  0.253605065011866E+001  0.569239468070915E+000  0.610917087918212E+002  0.106580138577506E+002  0.129398953440422E+002
  0.100000000000000E+001  0.154731091242570E+009  0.416487535410430E+000  0.735449765993447E+001  0.601811037588409E+003 -0.355031880294151E+003  0.632730105702481E+003  0.248423202063025E+001  0.174699256032134E+001  0.841589655917084E+002  0.594989785435920E+001  0.222995773640494E+002
  0.100000000000000E+001  0.586487422866980E+009  0.233627652692041E+000  0.738487392432650E+001  0.923733967851290E+003 -0.492153278583731E+003 -0.597704506665618E+003  0.241990173678499E+001  0.914514956498510E+000  0.772650036127942E+002  0.505563681398315E+001  0.286454235852409E+002
  0.100000000000000E+001  0.312844133895078E+010  0.397287278116521E-001  0.733052332800373E+001 -0.523356735474355E+003  0.375996259227534E+003  0.284581728434521E+003  0.241393550120737E+001  0.131133770450359E+001  0.823124243621735E+002  0.525527884275508E+001  0.210812211826000E+002
  0.100000000000000E+001  0.164692581480113E+011  0.259128021754100E-001  0.755665940136221E+001 -0.484495707649837E+003  0.939384947286733E+002  0.431659699063230E+003  0.242820324592271E+001  0.165512046345525E+001  0.733771286823514E+002  0.643733048229231E+001  0.249022328878197E+002
  0.100000000000000E+001  0.745297924589946E+008  0.476558404209809E+000  0.758312477427714E+001 -0.244655482587692E+003  0.343475845278231E+003 -0.980878958829732E+003  0.245089908312246E+001  0.786520741778781E+000  0.638092335558637E+002  0.112966708311255E+002  0.112220174362003E+002
  0.100000000000000E+001  0.139054841571141E+008  0.492596226660343E+000  0.746292242361667E+001 -0.638281384736849E+003 -0.193273629099958E+003  0.441302328200733E+003  0.249690818005027E+001  0.548295480986740E-001  0.699427405728618E+002  0.101359919040674E+002  0.106590275970463E+002
  0.100000000000000E+001  0.199107841251253E+010  0.376605636750190E-001  0.738367661810786E+001 -0.302508834746187E+002  0.229298718516075E+003  0.440377971472891E+003  0.254534798500706E+001  0.501662230726989E+000  0.698765338797625E+002  0.116604536822028E+002  0.243228420702885E+002
  0.100000000000000E+001  0.116629751967250E+009  0.353283063776363E+000  0.737019311967802E+001  0.368911783586998E+003 -0.664239257400289E+003 -0.348061565839082E+002  0.256355699182704E+001  0.108689793860965E+001  0.855811147357670E+002  0.592201408970892E+001  0.103690995874356E+002
  0.100000000000000E+001  0.558550375963850E+009  0.184497674942603E+000  0.738946824327270E+001  0.609789232518611E+003 -0.761170392122556E+003 -0.423625068414493E+003  0.252391922623936E+001  0.168664259789205E+001  0.611460324527131E+002  0.338592081663499E+001  0.121061512019558E+002
  0.100000000000000E+001  0.211468214430571E+009  0.235561354196438E+000  0.731340266343750E+001 -0.252852141846339E+003 -0.901221356231865E+003 -0.775885033789845E+003  0.253636676343948E+001  0.100717884809543E+001  0.609767230922412E+002  0.706233079706381E+001  0.260442259980194E+002
  0.100000000000000E+001  0.176375957134456E+008  0.167901072061629E+000  0.748666649096110E+001 -0.911750287478839E+002  0.401845459385826E+003 -0.914578643319079E+003  0.236422303531043E+001  0.941839825691121E+000  0.686514484324732E+002  0.554728213417038E+001  0.187167500272229E+002
  0.100000000000000E+001  0.685072195289583E+009  0.770352075154422E-001  0.744545008502737E+001  0.388861791163996E+003  0.151805436043258E+003  0.799267246836437E+002  0.244672748038510E+001  0.118954570842481E+001  0.642698169723410E+002  0.102258127447123E+002  0.263176985101148E+002
  0.100000000000000E+001  0.382507020651376E+009  0.101968241477289E+000  0.735200616060745E+001 -0.370700132349348E+003 -0.611795018449392E+003 -0.903293524565106E+003  0.259716091421856E+001  0.151155019486354E+000  0.763732697890305E+002  0.489919979842492E+001  0.196557723949466E+002
  0.100000000000000E+001  0.195480694921397E+010  0.671062018749110E-001  0.754148151704526E+001 -0.535218752506188E+003 -0.568296184697328E+003  0.237972913517928E+003  0.250014344202458E+001  0.149407802634281E+001  0.618595985324048E+002  0.977716632613160E+001  0.190912658411663E+002
  0.100000000000000E+001  0.250860020721332E+008  0.492301637185173E+000  0.752308947434480E+001  0.297350781197042E+002  0.285067763810528E+003  0.206281299351883E+003  0.265420265127494E+001  0.157661862687989E+001  0.717260530237686E+002  0.929695492744679E+001  0.298373823730580E+002
  0.100000000000000E+001  0.707701986028965E+007  0.451106429281949E+000  0.745810170492744E+001  0.116435108355309E+003  0.454856259573572E+003 -0.870883160519667E+003  0.265155991754638E+001  0.111303725777338E+001  0.867481876657944E+002  0.588675461653296E+001  0.130165386652949E+002
  0.100000000000000E+001  0.248783177005090E+009  0.306551602683929E+000  0.734202900280678E+001  0.187713634085332E+003 -0.854926325677817E+003  0.453970551122991E+003  0.242041426346920E+001  0.939302808342592E+000  0.721115827357584E+002  0.595297985054121E+001  0.111081397183694E+002
  0.100000000000000E+001  0.568355324136186E+008  0.262430251795227E+000  0.740039154278490E+001 -0.508039597331749E+003  0.684791148069768E+003 -0.329905664152839E+003  0.254389008585888E+001  0.188781073747085E+001  0.845067651044834E+002  0.768039434149278E+001  0.256242472811818E+002
  0.100000000000000E+001  0.208608061043567E+009  0.106414846770204E+000  0.745220520995997E+001  0.450812776872648E+003 -0.588378585460111E+003 -0.816399575273054E+003  0.262909847323022E+001  0.105802468106682E+001  0.875465921558721E+002  0.818174133699232E+001  0.158069077378839E+002
  0.100000000000000E+001  0.146082472973271E+009  0.191786087692346E+000  0.739130548049758E+001  0.183886323445854E+003 -0.671205597538797E+003  0.571028630616965E+003  0.269645766357565E+001  0.875836050918125E+000  0.882079181720969E+002  0.110262243677333E+002  0.120913405920663E+002
  0.100000000000000E+001  0.186193217356304E+008  0.370361431780824E+000  0.746790758752363E+001  0.583308835001628E+003 -0.406430004116138E+003  0.486564758746476E+003  0.269417011113844E+001  0.112593188234188E+001  0.624933724514334E+002  0.703325777690622E+001  0.228559893340683E+002
  0.100000000000000E+001  0.372204191176509E+009  0.224481642843767E+000  0.747987348530050E+001 -0.879524545487496E+003  0.328359504779776E+002 -0.228930984114111E+003  0.261154173116578E+001  0.600760678232848E+000  0.790803667434064E+002  0.917260803088003E+001  0.136723945028778E+002
  0.100000000000000E+001  0.363170737948551E+008  0.475397380512404E+000  0.755427057033278E+001  0.993505699947532E+003  0.915948156938264E+003  0.952241799683051E+003  0.232449643675402E+001  0.196216745158834E+001  0.745444016640695E+002  0.108033201178061E+002  0.220413866183646E+002
  0.100000000000000E+001  0.156029994625504E+010  0.716241907701062E-001  0.740667050626671E+001  0.129682745975948E+003 -0.186094270181346E+003  0.297302005284977E+003  0.236202722160632E+001  0.961741994248108E+000  0.862426019132215E+002  0.649298928132222E+001  0.205665635334525E+002
  0.100000000000000E+001  0.573586690121653E+008  0.440658919717066E+000  0.750991520784719E+001 -0.677566422596288E+003 -0.442318620128401E+003  0.796805768784079E+003  0.260401531846624E+001  0.151206231810091E+001  0.760107868607555E+002  0.104423044370040E+002  0.215118463433007E+002
  0.100000000000000E+001  0.178427287825014E+008  0.396841114961255E+000  0.742666734881910E+001 -0.705658280556832E+003  0.772087225471622E+003  0.546040270454861E+003  0.238415606539589E+001  0.450131462371643E+000  0.785620934859107E+002  0.106422623812059E+002  0.243454209755423E+002
  0.100000000000000E+001  0.772824849806508E+009  0.496720126587241E-001  0.740143682937415E+001 -0.907360439624209E+003 -0.991329660872436E+003  0.374876635997568E+003  0.241289673650357E+001  0.167539850064838E+000  0.685394549561793E+002  0.100266091212798E+002  0.144836999122317E+002
  0.100000000000000E+001  0.153853829480292E+008  0.437771100879179E+000  0.741665486731317E+001  0.636962513722099E+003  0.518980843098835E+003 -0.714373371718951E+003  0.266286256734435E+001  0.118578512522565E+001  0.808123163194867E+002  0.505892636307869E+001  0.128289820193969E+002
  0.100000000000000E+001  0.655799713811066E+007  0.302946468163767E+000  0.750753308333641E+001  0.539099041365606E+003  0.446403067241604E+003  0.175857878055622E+003  0.264077805004160E+001  0.182396686208594E+001  0.802178806728563E+002  0.514387883032803E+001  0.117725792380808E+002
  0.100000000000000E+001  0.357475660266155E+009  0.289803966551318E+000  0.756070557002251E+001 -0.823047075123818E+003 -0.763709266897829E+003  0.816692594539331E+003  0.269833408937637E+001  0.104151262524571E+001  0.891725325708930E+002  0.111164352678343E+002  0.149189330156814E+002
  0.100000000000000E+001  0.504769706629170E+007  0.361888566541456E+000  0.741133911174123E+001  0.190708427572036E+003  0.979519400324451E+003  0.656942811929780E+003  0.263129666675278E+001  0.267761453134752E+000  0.827698303253956E+002  0.872798662754995E+001  0.240899816499698E+002
  0.100000000000000E+001  0.135207454599471E+009  0.352192506274696E+000  0.750871051734126E+001 -0.793616724493689E+003  0.148591709941157E+002  0.745205224007735E+003  0.258574915794342E+001  0.759109919629558E+000  0.821334111087521E+002  0.870666034132080E+001  0.216179632990248E+002
  0.100000000000000E+001  0.310874660656400E+008  0.383066112385823E+000  0.736084174781177E+001 -0.180855965395471E+003 -0.143531850291260E+003 -0.367168946032993E+003  0.250386159231132E+001  0.361842857371415E+000  0.647245136394041E+002  0.119447928408208E+002  0.176878688634122E+002
  0.100000000000000E+001  0.240633516432331E+009  0.211994815705740E+000  0.736604275155920E+001  0.459190502032363E+002 -0.749299258550996E+003 -0.907444562041437E+002  0.249206205038824E+001  0.174170962847273E+001  0.885723432599248E+002  0.101287412242397E+002  0.114962954866788E+002
  0.100000000000000E+001  0.656587166027696E+007  0.395968605879607E+000  0.744532062985514E+001  0.569928283188760E+003  0.602035464967620E+003  0.631123957386573E+003  0.268681094938284E+001  0.180577097347281E+001  0.882620751679775E+002  0.661777338549180E+001  0.150053898692309E+002
  0.100000000000000E+001  0.122818618584818E+009  0.361728445510625E+000  0.753079571737778E+001 -0.514223745403224E+003 -0.281440240182945E+003 -0.794001891872893E+003  0.260910943682388E+001  0.146569184546124E+001  0.848493753814941E+002  0.577707441130399E+001  0.139517383120201E+002
  0.100000000000000E+001  0.104459378799438E+009  0.325067617180592E+000  0.736804934656436E+001  0.422482457874806E+003 -0.745387453064970E+003 -0.598252829879941E+003  0.269951151710280E+001  0.236124844705538E+000  0.771215240245344E+002  0.110496586656259E+002  0.136203643210494E+002
  0.100000000000000E+001  0.209567964451065E+010  0.117781282278925E+000  0.737346123443262E+001  0.728655027354734E+003 -0.919830401605510E+003  0.785593885500545E+003  0.259108376384875E+001  0.140600691707802E+001  0.720120234535502E+002  0.960112925461062E+001  0.219534136505442E+002
  0.100000000000000E+001  0.628238220741387E+008  0.371168203392763E+000  0.737980199347291E+001  0.411966135609926E+003  0.375483807256149E+003  0.843146996912867E+003  0.256531716478588E+001  0.359707420987609E+000  0.675368005830898E+002  0.998309347847056E+001  0.255881171269011E+002
  0.100000000000000E+001  0.516132001193527E+008  0.335694201134117E+000  0.743187805576718E+001 -0.874941934859851E+003  0.146745966470666E+003  0.606973119680647E+003  0.249135036270991E+001  0.813953798560752E+000  0.792501778390319E+002  0.759369990766482E+001  0.190430002552594E+002
  0.100000000000000E+001  0.412951527528241E+009  0.968584298246653E-001  0.749510788851141E+001  0.811219826592308E+003  0.983908176098095E+003 -0.826484678266594E+003  0.238249014085491E+001  0.894506006574234E+000  0.699330014329628E+002  0.403494126069942E+001  0.200486242427013E+002
  0.100000000000000E+001  0.126227679441653E+010  0.748654173367251E-001  0.733256375277984E+001 -0.360242767574033E+003 -0.636910383541175E+003  0.572425937966088E+003  0.259306896257510E+001  0.199078536009795E+001  0.621313104221097E+002  0.111323392929248E+002  0.290109452643474E+002
  0.100000000000000E+001  0.154172074937682E+008  0.170904723324230E+000  0.748632417807910E+001 -0.354135606782551E+002 -0.397258889510118E+003  0.556696570449012E+003  0.260903707663940E+001  0.160122043144235E+001  0.663667273821356E+002  0.560579398641043E+001  0.155895120896255E+002
  0.100000000000000E+001  0.979911679896601E+008  0.377212244787039E+000  0.758227282570705E+001 -0.465517362907299E+003 -0.879650047577787E+002  0.905914693188030E+003  0.243955793253140E+001  0.421422294106370E+000  0.715447651534790E+002  0.100894686078104E+002  0.202166740611036E+002
  0.100000000000000E+001  0.445130344953761E+009  0.367072579110984E+000  0.754772767997873E+001 -0.971715141907052E+003  0.875521922771015E+003 -0.646497441043155E+003  0.266521528407146E+001  0.130130623220533E+001  0.823910211541677E+002  0.115653374478004E+002  0.291872978324694E+002
  0.100000000000000E+001  0.275392401595546E+008  0.282988816162603E+000  0.752360747574193E+001  0.721807283679854E+003  0.217667340339729E+003 -0.822720377824979E+003  0.248223666977597E+001  0.380139070988839E+000  0.752693783544343E+002  0.380449593682059E+001  0.279561748162998E+002
  0.100000000000000E+001  0.199149828548679E+010  0.704574950420821E-001  0.743361090019947E+001 -0.662381941208364E+003  0.989874849438250E+003 -0.194693085752494E+003  0.253909876689878E+001  0.656993956055252E+000  0.608522479763790E+002  0.887919842270161E+001  0.259985368223724E+002
  0.100000000000000E+001  0.478596144263298E+009  0.174785055767041E+000  0.738697157843119E+001 -0.994721598028250E+003  0.776036717695675E+003  0.154833800581715E+003  0.261311635367118E+001  0.487652174617987E+000  0.700856237006510E+002  0.467196913038236E+001  0.283278265278606E+002
  0.100000000000000E+001  0.985157124339253E+008  0.134168290060655E+000  0.738961565759012E+001 -0.101741254922206E+003  0.795110440367928E+003 -0.970488780786082E+003  0.239077904657578E+001  0.685409040161953E+000  0.774011941932001E+002  0.502006804675641E+001  0.255973790785889E+002
  0.100000000000000E+001  0.186641672402275E+008  0.471614044043487E+000  0.753046782819042E+001 -0.440542460099191E+002  0.147252716141128E+003 -0.243114739613196E+003  0.251132611268878E+001  0.125601840223589E+001  0.883561548960487E+002  0.423862879534977E+001  0.250388751064003E+002
  0.100000000000000E+001  0.151147757262723E+009  0.226286591513484E+000  0.758815491977566E+001  0.422748997900152E+003  0.750158065052478E+003  0.311963175104272E+003  0.249742531876354E+001  0.642604593157551E+000  0.870346813818839E+002  0.119511586597788E+002  0.142392871257424E+002
  0.100000000000000E+001  0.117937786750863E+010  0.156965778633000E+000  0.757145737489869E+001 -0.725574523751466E+003  0.347471866235058E+003  0.466569405193789E+003  0.252220479704025E+001  0.198543868107042E+001  0.736532533207830E+002  0.957624638283378E+001  0.182572912802912E+002
  0.100000000000000E+001  0.571401125299368E+008  0.432241693639073E+000  0.739290223134666E+001  0.672740713697463E+003 -0.648365998775182E+002 -0.857294443618501E+003  0.259909856348311E+001  0.164125462919755E+001  0.670158810978942E+002  0.347958981489505E+001  0.240958860718427E+002
  0.100000000000000E+001  0.360830098553436E+009  0.114714242118100E+000  0.743690686706056E+001  0.269088849801021E+003  0.315339159788234E+002  0.693243206241294E+003  0.243254651592194E+001  0.123664373111948E+001  0.826951610619523E+002  0.366440179987514E+001  0.105690322743907E+002
  0.100000000000000E+001  0.773507038560823E+007  0.906331285081782E-001  0.746562519969502E+001 -0.685350242240208E+002 -0.166518956745664E+003 -0.791935614067570E+003  0.241243415114487E+001  0.994195112052491E+000  0.679256960247928E+002  0.110180856604041E+002  0.178456164103547E+002
  0.100000000000000E+001  0.244975561744768E+009  0.240991825336576E+000  0.748708276749263E+001  0.874860960538073E+003 -0.451558740175041E+003  0.911509841932424E+003  0.245688924255258E+001  0.150992986366603E+001  0.727644604292660E+002  0.636562437141024E+001  0.122479928059781E+002
  0.100000000000000E+001  0.807466473715930E+009  0.225758072071159E+000  0.731825045394702E+001  0.930274077008661E+003 -0.303175797303939E+003 -0.449447305581121E+003  0.253720844621913E+001  0.106165876408290E+001  0.609695493405502E+002  0.561915491779058E+001  0.295904244056368E+002
  0.100000000000000E+001  0.120129234834322E+009  0.247184042680817E+000  0.751890813104534E+001 -0.525167698480142E+003 -0.300288227816792E+003 -0.376607942275408E+003  0.248209415558226E+001  0.777479150888890E+000  0.677869150674387E+002  0.114147082467885E+002  0.213391436382365E+002
  0.100000000000000E+001  0.601445138908963E+008  0.498149961795732E+000  0.738187403450133E+001  0.384424786375790E+003 -0.432418628905037E+003 -0.882427861347662E+001  0.245994283808222E+001  0.154900749865717E+001  0.803624415579376E+002  0.111279200631055E+002  0.195812032083574E+002
  0.100000000000000E+001  0.209735402995351E+008  0.108850942339599E+000  0.749770926170063E+001 -0.598386504480022E+002 -0.895722703530101E+002 -0.161945290308478E+003  0.239310345291711E+001  0.116298567429044E+001  0.690141079381338E+002  0.915233446747590E+001  0.239711000034305E+002
  0.100000000000000E+001  0.593764649013329E+008  0.224045025557152E+000  0.756567871596803E+001  0.698496946953940E+003 -0.100533194567519E+003 -0.280224758144403E+002  0.265792694784912E+001  0.127283302840512E+001  0.897091030011464E+002  0.396654228186192E+001  0.263599459012762E+002
  0.100000000000000E+001  0.114116998224310E+010  0.937216482426099E-001  0.744269130735178E+001  0.893260214615638E+003 -0.124510909391871E+003  0.149481909259634E+002  0.262658609082947E+001  0.978834879017004E+000  0.636761010364558E+002  0.947702028228923E+001  0.268487787225835E+002
  0.100000000000000E+001  0.101298921734181E+009  0.411040529318889E+000  0.731419670525367E+001  0.369982491900551E+003  0.665812530088129E+003 -0.941068046906779E+003  0.241958689870917E+001  0.169955432097310E+001  0.653037315092254E+002  0.470488285274359E+001  0.117684798990190E+002
  0.100000000000000E+001  0.254623563879653E+009  0.298004900088311E+000  0.755464323744311E+001 -0.252676627306628E+003  0.590172152876941E+003  0.640802656063602E+003  0.269437298122818E+001  0.168878338805891E+001  0.672589564411576E+002  0.118890851060134E+002  0.206745334136530E+002
  0.100000000000000E+001  0.425355590623262E+009  0.199840008865040E+000  0.757293613760551E+001 -0.367319391136130E+003  0.196518623668827E+003  0.451298572187128E+003  0.252481850299052E+001  0.911738194627025E+000  0.872405369580402E+002  0.526252880694851E+001  0.288943758277665E+002
  0.100000000000000E+001  0.271915241108251E+009  0.300579204546131E+000  0.759574410657962E+001 -0.330137445511953E+003  0.735071563920854E+003  0.111019699827634E+003  0.247691728441812E+001  0.100272027348117E+001  0.834985026177258E+002  0.664063750788214E+001  0.288146150501768E+002
  0.100000000000000E+001  0.338297287759542E+008  0.364402728539091E+000  0.739989071464616E+001 -0.865686830934176E+003 -0.758827625166525E+003 -0.335622259810957E+003  0.257809350301238E+001  0.191832035235182E+001  0.741226957450507E+002  0.344737607569435E+001  0.145490584171907E+002
  0.100000000000000E+001  0.211545650744918E+008  0.256902989280078E+000  0.753721785747526E+001 -0.159437218797932E+003 -0.866687015516896E+003  0.120999579977286E+003  0.240483962278052E+001  0.785892016431752E+000  0.802698379234966E+002  0.110065040010508E+002  0.110000489857710E+002
  0.100000000000000E+001  0.476619160585094E+008  0.436249236763700E+000  0.736190200155292E+001  0.574344451241431E+003  0.880288125642431E+003 -0.467615494408848E+003  0.256118321941688E+001  0.177254146533130E+001  0.798869569493228E+002  0.536228787800328E+001  0.105989482021048E+002
  0.100000000000000E+001  0.144453046036050E+009  0.917086733452704E-001  0.743016666683597E+001 -0.971336298269388E+002  0.176029649186339E+003  0.180734526205381E+003  0.268527220410176E+001  0.649487392298031E+000  0.624652428335443E+002  0.612286307663458E+001  0.138526846952334E+002
  0.100000000000000E+001  0.103473191974987E+009  0.166310292755080E+000  0.748300318600645E+001 -0.230337888935996E+003 -0.683553417860576E+003 -0.811941750615970E+002  0.268503455677748E+001  0.292853623912269E+000  0.763000203166910E+002  0.947299098485247E+001  0.130938836240881E+002
  0.100000000000000E+001  0.135498878322833E+009  0.237865623045012E+000  0.746575851273408E+001  0.670952725034879E+003  0.684510525192021E+003  0.321850063643158E+003  0.233939724158367E+001  0.192457932591738E+001  0.780745006670669E+002  0.329610820329124E+001  0.114400742518511E+002
  0.100000000000000E+001  0.871162842317553E+009  0.673532171099739E-001  0.758445630150270E+001  0.567294656812425E+003 -0.728890460741769E+003 -0.515773133659755E+003  0.247223895210869E+001  0.172463739777855E+001  0.650094048382360E+002  0.752646073653027E+001  0.259959172001686E+002
  0.100000000000000E+001  0.591411528482103E+010  0.456839576813640E-001  0.757968606764273E+001  0.414541293883133E+003  0.840255126446609E+003 -0.820482869073203E+003  0.261989689456219E+001  0.260862003916013E+000  0.750233782020229E+002  0.800751578972200E+001  0.210438601712755E+002
  0.100000000000000E+001  0.273471794899260E+010  0.106178264502288E+000  0.737116817061323E+001  0.878627423742670E+003 -0.236863626567183E+003  0.796181176556241E+003  0.251753667839299E+001  0.191214286946043E+000  0.653775652965581E+002  0.724293039406749E+001  0.209500996488780E+002
  0.100000000000000E+001  0.128558642357590E+009  0.185973565885498E+000  0.742891416003344E+001  0.593563183841498E+003 -0.324282104814295E+003 -0.825206462738338E+003  0.266342220438443E+001  0.132083065902186E+001  0.859926605069949E+002  0.959692878536979E+001  0.285718502870017E+002
  0.100000000000000E+001  0.173845515388735E+008  0.465465109956562E+000  0.747240447686235E+001 -0.459562998212928E+003 -0.974933733222399E+003 -0.501687339810535E+003  0.265084212970860E+001  0.129765997440497E+001  0.617752439446252E+002  0.105555119511181E+002  0.264102002216484E+002
  0.100000000000000E+001  0.333979051463262E+009  0.219839833834018E+000  0.743168572230508E+001  0.995934349677427E+003 -0.506500360667278E+003  0.350821273831989E+003  0.268723544015573E+001  0.199002841011518E+001  0.870419471632625E+002  0.103107604042743E+002  0.249040549442547E+002
  0.100000000000000E+001  0.422356394473091E+009  0.123978509301821E+000  0.754402999911873E+001  0.857196189699623E+003  0.308645443094521E+003 -0.818330826922983E+003  0.230708236498337E+001  0.980100066300556E+000  0.609395362388359E+002  0.913366129757675E+001  0.123963810203022E+002
  0.100000000000000E+001  0.101246551795915E+008  0.487071638558867E+000  0.739477033298467E+001 -0.446087841695812E+003 -0.903219298070352E+003  0.753491880948185E+003  0.254249945238132E+001  0.114653655378537E+001  0.680001256573127E+002  0.111702486565256E+002  0.198605540209173E+002
  0.100000000000000E+001  0.305370533941551E+010  0.427426550119609E-001  0.758444215541208E+001  0.348625477682704E+003  0.878395220151172E+003  0.812689088685748E+003  0.233806235173147E+001  0.166328033386239E+001  0.668176773645663E+002  0.877848974328064E+001  0.177136579872916E+002
  0.100000000000000E+001  0.815879612127014E+009  0.215923559219633E+000  0.732448983911763E+001  0.831727699519501E+003 -0.283526576800136E+003 -0.758562099019969E+003  0.245672091337377E+001  0.169375034789286E+001  0.775621489814115E+002  0.824344758416598E+001  0.233328619661420E+002
  0.100000000000000E+001  0.196687439339037E+008  0.208906521216930E+000  0.743402972745409E+001 -0.403899577395061E+003  0.415717824084069E+003 -0.797912253335498E+003  0.238297038187980E+001  0.233636806171440E+000  0.686117018257439E+002  0.114265807711808E+002  0.243740888994828E+002
  0.100000000000000E+001  0.558030465084456E+008  0.324482382232314E+000  0.733422738072044E+001 -0.587999123770132E+003 -0.584475321274324E+003 -0.627940125062576E+003  0.243936390918468E+001  0.266049189843111E+000  0.686493769638342E+002  0.340965075082998E+001  0.135843532022635E+002
  0.100000000000000E+001  0.144718007044569E+009  0.397857294127813E+000  0.757076805449611E+001 -0.454311040842008E+003  0.112914104098860E+002 -0.363003214751137E+003  0.257853285567589E+001  0.499209805114146E+000  0.799409149678308E+002  0.435084103836721E+001  0.284793987717130E+002
  0.100000000000000E+001  0.945388599433182E+009  0.104682550053812E+000  0.754236233626020E+001 -0.360147598384737E+003  0.162119056622088E+003  0.746809852396443E+003  0.253511570267756E+001  0.111464022303847E+000  0.678548908822562E+002  0.725970684684539E+001  0.280057700438288E+002
  0.100000000000000E+001  0.231928491055813E+009  0.141856393631827E+000  0.732060679500039E+001 -0.789255212199525E+003  0.702875463933051E+003  0.841719860927780E+003  0.238668538333120E+001  0.130630549957751E+001  0.602307731924714E+002  0.903535868829886E+001  0.140279591012954E+002
  0.100000000000000E+001  0.410766666224279E+011  0.203357785887939E-001  0.734608061189154E+001  0.446119057458786E+002 -0.145757871515729E+003  0.803326741883081E+003  0.233092061960723E+001  0.182546557850678E+001  0.689755787898485E+002  0.107597261488100E+002  0.120333112264625E+002
  0.100000000000000E+001  0.177736924160434E+008  0.251662404635827E+000  0.749374431115266E+001  0.197513088437742E+003 -0.914827969412664E+003 -0.826427824831535E+003  0.247617959282102E+001  0.161724316677670E+001  0.834474465647773E+002  0.538190710155912E+001  0.108053935066230E+002
  0.100000000000000E+001  0.855143271040868E+010  0.264391409917363E-001  0.732208236118341E+001 -0.956805120670286E+003 -0.427766238729471E+003  0.787037519191193E+003  0.260181836786153E+001  0.447716861341309E+000  0.867353858153806E+002  0.774078143579672E+001  0.140300874491853E+002
  0.100000000000000E+001  0.651037742174461E+009  0.758507300366284E-001  0.754713417869234E+001 -0.279907592911042E+003 -0.454081062295181E+003 -0.620622936557723E+003  0.236973148917216E+001  0.128662156734561E+001  0.766582827617870E+002  0.487904209520358E+001  0.178836958960653E+002
  0.100000000000000E+001  0.832166100671358E+008  0.224535508932004E+000  0.734636017038945E+001 -0.731922892842997E+003  0.753304642675024E+003  0.366511600842476E+003  0.248597286578212E+001  0.125661045086937E+001  0.881332477395094E+002  0.815992970626816E+001  0.219394921767126E+002
  0.100000000000000E+001  0.276091247750292E+008  0.477280285565418E+000  0.753220948061539E+001 -0.461755580581732E+003  0.794714815270177E+003  0.507048701550606E+003  0.230418706508462E+001  0.144063035843570E+001  0.887772845703562E+002  0.783400446930572E+001  0.258167532893927E+002
  0.100000000000000E+001  0.121865092698141E+009  0.280350999798986E+000  0.756691991770268E+001 -0.276750843507421E+003 -0.160367491224239E+003  0.841854963852277E+003  0.250617775375394E+001  0.119284565147240E+001  0.701106553362272E+002  0.307326474632886E+001  0.269937848643723E+002
  0.100000000000000E+001  0.203692256801435E+009  0.250189292251632E+000  0.751363741805257E+001 -0.506758191615832E+003  0.440584478674791E+003 -0.244029624190593E+003  0.252898574311759E+001  0.881744438238390E+000  0.636322055786818E+002  0.368656750829157E+001  0.109074284550002E+002
  0.100000000000000E+001  0.161328789568046E+009  0.325526647156466E+000  0.736052135348999E+001  0.493555568821753E+003  0.125854148309532E+003 -0.152591466593194E+003  0.244692302937369E+001  0.144984662282429E+000  0.670276579840480E+002  0.740367961007910E+001  0.238979028844611E+002
  0.100000000000000E+001  0.522300052735184E+009  0.145228765233365E+000  0.732412462932535E+001 -0.763169693640526E+002 -0.475909904403042E+003 -0.277766218426413E+003  0.255341013234827E+001  0.133969476678026E+001  0.614515029860271E+002  0.843612740115494E+001  0.216892564475952E+002
  0.100000000000000E+001  0.635688711338196E+007  0.363149859392412E+000  0.751116721759438E+001  0.340666316755487E+003  0.626196882945570E+003  0.419677372418542E+003  0.245054671516942E+001  0.132103705267038E+001  0.728071000230169E+002  0.943270570241609E+001  0.112936476255377E+002
  0.100000000000000E+001  0.506944011888975E+007  0.384861070258241E+000  0.751468845757379E+001  0.385024745239841E+003 -0.199168593744563E+003 -0.425067399218766E+003  0.251810566468675E+001  0.248027308036801E+000  0.763153319567700E+002  0.930773858693304E+001  0.258221450347496E+002
  0.100000000000000E+001  0.491099866601319E+008  0.285688341423281E+000  0.757483420746917E+001  0.803592322547017E+003  0.372463528330759E+003  0.953640220289728E+003  0.254519618292346E+001  0.159383525253517E+001  0.645468075003402E+002  0.567641769538258E+001  0.268574993346057E+002
  0.100000000000000E+001  0.268192106693618E+008  0.438311519974047E+000  0.746369172474499E+001 -0.927358994617590E+003 -0.976981796884117E+003  0.505056727275106E+003  0.251965979308650E+001  0.501104863390033E+000  0.766700331723823E+002  0.530869049341023E+001  0.100325958919122E+002
  0.100000000000000E+001  0.110549241087884E+009  0.155600789209523E+000  0.741155534956048E+001 -0.515063087456646E+003 -0.241803363369508E+003  0.848793033222912E+002  0.262470018530942E+001  0.100336465688018E+000  0.676666646735663E+002  0.952107920256168E+001  0.172861335482989E+002
  0.100000000000000E+001  0.558814207570530E+008  0.305794350014597E+000  0.748410468723100E+001  0.894803736512408E+003 -0.271138725329928E+003 -0.622270232443999E+003  0.262065764440761E+001  0.149430113954346E+001  0.763455350295448E+002  0.774064409349471E+001  0.256201738772776E+002
  0.100000000000000E+001  0.328589234112689E+007  0.214289842620488E+000  0.748567855499281E+001 -0.369991976883623E+002 -0.329606375890434E+003  0.988682220475872E+003  0.251108447117068E+001  0.107216481680304E+001  0.889829733935546E+002  0.709072866201834E+001  0.131132942044416E+002
  0.100000000000000E+001  0.798453793361183E+008  0.233566800054225E+000  0.759181348106011E+001  0.181745831822399E+003 -0.868418838408464E+003  0.830300357629008E+002  0.235054012025586E+001  0.136321077066115E+001  0.841577727620160E+002  0.708607911743536E+001  0.102845742074721E+002
  0.100000000000000E+001  0.203747778804264E+008  0.293048332601674E+000  0.752032948724365E+001  0.742334479649545E+003  0.696038519100666E+003 -0.701162276916852E+003  0.248677640334337E+001  0.166795528504302E+001  0.757761026888284E+002  0.683691595813590E+001  0.141255344420863E+002
  0.100000000000000E+001  0.225283805019679E+011  0.406790257318948E-001  0.735391158453632E+001  0.669995558159357E+003 -0.728704806866195E+003 -0.716985870425025E+003  0.231186781191587E+001  0.439683942016095E+000  0.620820593877862E+002  0.613363523343181E+001  0.122369947296258E+002
  0.100000000000000E+001  0.151210390751878E+010  0.560170028132227E-001  0.735081657982293E+001 -0.642062367683661E+003 -0.410855111077493E+003 -0.186314072030560E+003  0.269743881898768E+001  0.134278133260262E+001  0.640072449760678E+002  0.385082155913673E+001  0.101425472128171E+002
  0.100000000000000E+001  0.398380106161659E+008  0.334976206034924E+000  0.758188019149336E+001  0.552314788697541E+003 -0.199165590515250E+003 -0.437905167606830E+003  0.234856574429670E+001  0.732167957130295E+000  0.601049814973852E+002  0.853343278592077E+001  0.227932817526687E+002
  0.100000000000000E+001  0.348473539131576E+009  0.342327660627466E+000  0.731625108754285E+001  0.616500021323509E+003 -0.496973991516418E+003 -0.423002271844081E+003  0.235097412598920E+001  0.173477338905472E+001  0.708733077744274E+002  0.107608303520223E+002  0.259167165331281E+002
  0.100000000000000E+001  0.132406281484939E+011  0.162554817612613E-001  0.737760304427416E+001 -0.633139622272171E+003 -0.534062469209928E+003  0.201387612200038E+003  0.266857102270174E+001  0.199231642345141E+001  0.825621474138848E+002  0.822273317346537E+001  0.164008868187072E+002
  0.100000000000000E+001  0.639730957972913E+008  0.246805800840913E+000  0.754527314133674E+001  0.451987977829011E+003 -0.169883402069119E+003  0.464581418864977E+002  0.230607992956371E+001  0.606200686630186E+000  0.678746636665734E+002  0.825160359816597E+001  0.176235637981603E+002
  0.100000000000000E+001  0.471917882649946E+009  0.277438752398742E+000  0.759351705212749E+001 -0.697439371862171E+003 -0.565556176766690E+003  0.514604681133597E+003  0.267014622447282E+001  0.711423148975117E+000  0.853350494157444E+002  0.695337346690261E+001  0.162409639937102E+002
  0.100000000000000E+001  0.863681089556003E+008  0.117495122887346E+000  0.751612042712405E+001  0.433974915033374E+003  0.875222083205191E+003  0.400555320887210E+003  0.243325778619521E+001  0.221537776557392E+000  0.628732979426566E+002  0.112511777516944E+002  0.156011050862909E+002
  0.100000000000000E+001  0.153324687899837E+011  0.309329576789308E-001  0.743575295649986E+001 -0.932777424828333E+003  0.968126900390749E+003  0.843235671895976E+003  0.254979846682323E+001  0.807845717185594E+000  0.645250433909533E+002  0.506730342508838E+001  0.141972017959395E+002
  0.100000000000000E+001  0.122981686860639E+010  0.709509749677305E-001  0.752307714230403E+001 -0.679126918395392E+003 -0.128537582119427E+003  0.754817298716255E+003  0.238424607022366E+001  0.198320803853820E+001  0.685678133093596E+002  0.527892273567884E+001  0.180818874369273E+002
  0.100000000000000E+001  0.700645359655066E+008  0.396467567078372E+000  0.735604379901268E+001  0.294148700301539E+003 -0.391034353101679E+003  0.745990703769544E+002  0.263893397852770E+001  0.165851612999391E+001  0.631684477860732E+002  0.106985729382403E+002  0.270249471948383E+002
  0.100000000000000E+001  0.313464607109955E+007  0.449885453615657E+000  0.743244527714559E+001 -0.462170817173608E+003 -0.490090568159884E+003  0.103108732547959E+003  0.248792224418418E+001  0.402933511138168E+000  0.615798141142382E+002  0.106364600113968E+002  0.269401953102779E+002
  0.100000000000000E+001  0.113691461999208E+009  0.237019166711750E+000  0.759522881845846E+001  0.652160173334128E+003  0.234427009371283E+003  0.136385953662192E+003  0.258622493927829E+001  0.248059691108812E+000  0.696434525017675E+002  0.886163191950171E+001  0.266358970712836E+002
  0.100000000000000E+001  0.540229669302427E+009  0.204240456702012E+000  0.738625996412154E+001  0.960829043159762E+003  0.866173819882203E+003 -0.985069842413293E+003  0.232579318677576E+001  0.101959089876202E+001  0.669556460132345E+002  0.706121163259825E+001  0.227304529914751E+002
  0.100000000000000E+001  0.260271907670567E+008  0.397094182066085E+000  0.736057686233135E+001 -0.703544771307126E+003 -0.888201259991809E+003 -0.545021625133668E+003  0.240374531135228E+001  0.759070725122102E+000  0.717147649280866E+002  0.413299085481660E+001  0.176230275119984E+002
  0.100000000000000E+001  0.493840968006903E+010  0.106138594310448E-001  0.743603581340468E+001 -0.292046598236495E+002  0.379469491092978E+003  0.129406843438029E+003  0.242793272761807E+001  0.720307976015222E+000  0.849866444750402E+002  0.367707056801314E+001  0.208222195767228E+002
  0.100000000000000E+001  0.496702446968775E+009  0.978306581973696E-001  0.736782127489253E+001  0.178335689886775E+003  0.737009318716984E+003  0.140469010127597E+003  0.252293983683698E+001  0.668885205274244E+000  0.707274763912936E+002  0.646085892681729E+001  0.155740423493710E+002
  0.100000000000000E+001  0.217468806645825E+008  0.402652714531195E+000  0.750028114645174E+001 -0.316741000245113E+003  0.973146458153337E+003 -0.415021119146750E+003  0.232523952397966E+001  0.858204416571198E+000  0.875961603487036E+002  0.941631644772110E+001  0.201696304239488E+002
  0.100000000000000E+001  0.884236933624628E+007  0.435421915644309E+000  0.743347587967125E+001  0.272243190424171E+003 -0.547426153131846E+003 -0.296088716664207E+003  0.266974241305654E+001  0.158427897853173E+001  0.645908083044766E+002  0.105989785416379E+002  0.182244271399367E+002
  0.100000000000000E+001  0.170266446196495E+009  0.196083905410424E+000  0.738880874163385E+001 -0.985286605775697E+003  0.171492152255986E+003  0.455084789548121E+003  0.252029073216423E+001  0.113148521464558E+001  0.852363154713435E+002  0.824167049670696E+001  0.232387656067241E+002
  0.100000000000000E+001  0.168983147051394E+010  0.383287638655076E-001  0.755312174809254E+001 -0.448775477433616E+002 -0.415079660622623E+002  0.636844527381597E+002  0.230801140470009E+001  0.131340947834089E+001  0.682810375424440E+002  0.112683323905090E+002  0.189298896082911E+002
  0.100000000000000E+001  0.419826302575589E+009  0.653046000054042E-001  0.743522218843498E+001  0.219307559006674E+003  0.518079382902123E+003 -0.303924295213471E+003  0.241963025893822E+001  0.161411051735724E+001  0.693483987218692E+002  0.749889987197133E+001  0.234676576076265E+002
  0.100000000000000E+001  0.111590389022127E+011  0.522730294136834E-001  0.756758188520945E+001 -0.831308792267838E+003 -0.412738710455952E+003  0.989417217738468E+003  0.263389454931889E+001  0.112738866553466E+000  0.873070630177680E+002  0.834901225275020E+001  0.216452630480333E+002
  0.100000000000000E+001  0.949677286127707E+007  0.362924681592678E+000  0.739935026484322E+001  0.134761101256796E+003  0.893944784909095E+003  0.608283314479538E+003  0.258126418226862E+001  0.290652409142176E+000  0.716198747726554E+002  0.534806141636452E+001  0.294945169239625E+002
  0.100000000000000E+001  0.105533296945681E+010  0.137739687496932E+000  0.734290255992281E+001  0.544820388187213E+003 -0.513846774143235E+003  0.469862383700049E+003  0.268459277373398E+001  0.574556635330396E+000  0.755813891824149E+002  0.993431817290189E+001  0.297853286639156E+002
  0.100000000000000E+001  0.147175847662301E+009  0.286729543827436E+000  0.747227280384240E+001 -0.878342233828278E+003  0.643881486940900E+003 -0.100790037196575E+003  0.243702586326900E+001  0.996546941320421E+000  0.807892690991257E+002  0.712673766170211E+001  0.252444436628746E+002
  0.100000000000000E+001  0.202858702310472E+008  0.438752114398444E+000  0.739444862492958E+001 -0.834120666135387E+003  0.789469515829347E+003 -0.616433977942912E+003  0.234921676994506E+001  0.187709909270091E+001  0.812597657731470E+002  0.459892984689806E+001  0.162851378447007E+002
  0.100000000000000E+001  0.259718812412998E+009  0.133379115292443E+000  0.735784659651344E+001 -0.395806960842258E+003  0.190359036739229E+003  0.766927952626499E+003  0.238190795333747E+001  0.609438487604414E+000  0.813054367372653E+002  0.624966791166983E+001  0.148239523533591E+002
  0.100000000000000E+001  0.165416779629208E+009  0.285163067312294E+000  0.759195948171522E+001 -0.372083555162109E+002  0.726857385048279E+002 -0.142490850500014E+003  0.251926893307336E+001  0.126757633932237E+001  0.734955698938576E+002  0.107640604310329E+002  0.150696099893894E+002
  0.100000000000000E+001  0.871695264462363E+008  0.466855823835991E+000  0.755466525100117E+001 -0.978961792752720E+003 -0.342252167023275E+000 -0.525367457348692E+003  0.232811359927929E+001  0.163106500200095E+001  0.857370432753271E+002  0.700761128378482E+001  0.122794359817417E+002
  0.100000000000000E+001  0.172596108684101E+010  0.407467826031027E-001  0.755744865277148E+001  0.255502392630382E+003 -0.517130007585868E+003  0.236592753663075E+003  0.257928359461863E+001  0.392526970307240E+000  0.753339896726002E+002  0.575208813909305E+001  0.112389589338736E+002
  0.100000000000000E+001  0.735487353708287E+008  0.231914250096048E+000  0.754725526346676E+001 -0.248875178224637E+002 -0.379583835240672E+003  0.221261605689087E+003  0.253983640335498E+001  0.866105628963627E-001  0.695717579073505E+002  0.556371402058536E+001  0.160457504047708E+002
  0.100000000000000E+001  0.199482001702639E+008  0.357102528736899E+000  0.749058642202309E+001 -0.109778722628157E+003 -0.176580321500627E+003 -0.183338746599399E+003  0.262673755942482E+001  0.137566286360246E+001  0.674520373399062E+002  0.326623194225950E+001  0.289749630706584E+002
  0.100000000000000E+001  0.446601528290437E+009  0.250278657388950E+000  0.734304354133372E+001  0.715822220268893E+003 -0.699412603238233E+003  0.641256622110548E+003  0.269178965076957E+001  0.145734462064552E+001  0.733058765196842E+002  0.780745671906007E+001  0.282084457721921E+002
  0.100000000000000E+001  0.176056734218142E+009  0.147965672556381E+000  0.757625512202043E+001  0.580496239576894E+003  0.829071748578924E+002  0.797565803817511E+003  0.247699881961465E+001  0.198021122822117E+000  0.633279999996878E+002  0.100261685034998E+002  0.252722730996218E+002
  0.100000000000000E+001  0.191576887197875E+009  0.194757671239629E+000  0.759872426017582E+001  0.738726296898494E+003 -0.499622736256832E+003  0.622324234816715E+003  0.238032871630190E+001  0.933912848617157E+000  0.641204686546131E+002  0.353524733966389E+001  0.243824052034550E+002
  0.100000000000000E+001  0.895881232841314E+008  0.279222643719029E+000  0.759595832444744E+001  0.882823391772829E+003  0.686600457623528E+003  0.728631783525716E+003  0.236259415894123E+001  0.152772376284350E+001  0.673363730728284E+002  0.521414194770436E+001  0.275794710972469E+002
  0.100000000000000E+001  0.281418281706616E+010  0.937226041951353E-001  0.754312290543765E+001 -0.597477384068908E+003  0.443755238837754E+003  0.222780668787055E+003  0.259999643430324E+001  0.160734567144271E+001  0.675078140933871E+002  0.895580212076213E+001  0.170015962703223E+002
  0.100000000000000E+001  0.499476701216964E+008  0.330959029363052E+000  0.754432929467125E+001  0.171207457071146E+002  0.393001145840716E+003  0.182710179540614E+003  0.251087509699289E+001  0.137603333667418E+001  0.647454083229259E+002  0.503491937806523E+001  0.262282735937592E+002
  0.100000000000000E+001  0.566749250192944E+008  0.330216096614819E+000  0.736452578527011E+001 -0.207283339263073E+002  0.838141409046383E+003  0.658551598566921E+003  0.235651229919013E+001  0.123358811164224E+001  0.759404490691961E+002  0.401349963414174E+001  0.203135091595297E+002
  0.100000000000000E+001  0.145223625599834E+008  0.422047762721835E+000  0.754835918960216E+001  0.670548770828211E+003  0.334808394988927E+003 -0.980278344673884E+002  0.246607727886169E+001  0.179844505853769E+001  0.668538670745543E+002  0.711369279349440E+001  0.120399847211689E+002
  0.100000000000000E+001  0.464571399256524E+008  0.282901335628003E+000  0.742784547048609E+001  0.339219609018068E+003 -0.976436511170953E+002  0.701750769465712E+003  0.258672617290899E+001  0.197907292995112E+001  0.870354756792802E+002  0.703681346160711E+001  0.245184514667603E+002
  0.100000000000000E+001  0.943504542024812E+009  0.961432938006616E-001  0.741417589906251E+001 -0.995051900503919E+003  0.871758910587865E+003  0.574188248171701E+003  0.244238415413054E+001  0.133919301944178E+001  0.730619657293910E+002  0.694198816126175E+001  0.130693942577493E+002
  0.100000000000000E+001  0.732317775275710E+009  0.171049701256566E+000  0.758878873486433E+001 -0.678227302702232E+003  0.482615720985534E+003 -0.249973653565047E+003  0.231899379170743E+001  0.256752716347563E+000  0.762824504451405E+002  0.102155147302266E+002  0.290210279370405E+002
  0.100000000000000E+001  0.116316538064088E+010  0.172863336524584E+000  0.732718913091968E+001  0.712931960319885E+003 -0.853765683229645E+003  0.928308777970813E+003  0.269137454942741E+001  0.845251940966874E+000  0.677129757814244E+002  0.116731609509137E+002  0.180664054638879E+002
  0.100000000000000E+001  0.531988518890667E+009  0.196546396252029E+000  0.732390411094351E+001  0.142028818919493E+003 -0.335376007691588E+003  0.396607831990845E+003  0.242409122780625E+001  0.449798772770543E+000  0.784537132063079E+002  0.838511920175883E+001  0.226597720253916E+002
  0.100000000000000E+001  0.504830405477071E+008  0.320350020633349E+000  0.758275057560679E+001  0.224931464575237E+003 -0.144350152932798E+003  0.434605249951952E+003  0.247347572895470E+001  0.621175674455278E+000  0.622017957681843E+002  0.104367212587366E+002  0.279375606834299E+002
  0.100000000000000E+001  0.221974973417117E+007  0.270409277980332E+000  0.747921765546042E+001  0.821822844942835E+001 -0.906330362937097E+003 -0.307762056276824E+003  0.256833449607105E+001  0.148181396674231E+001  0.892781892245824E+002  0.574465674696791E+001  0.161298108858621E+002
  0.100000000000000E+001  0.363349952531902E+007  0.390482130836500E+000  0.747758234103870E+001 -0.324102181482999E+003 -0.988832304896068E+003 -0.540214831273814E+003  0.251945871914476E+001  0.914600021330847E+000  0.767474202817585E+002  0.473349797591960E+001  0.289365959143914E+002
  0.100000000000000E+001  0.220229530190775E+011  0.370946499248545E-001  0.755844580461259E+001 -0.974942574107652E+003  0.845803179351229E+003 -0.698974377917407E+003  0.235277585297912E+001  0.178206302335151E+001  0.832083346935189E+002  0.871073227528118E+001  0.239438072554099E+002
  0.100000000000000E+001  0.938076514332762E+009  0.183444380484052E+000  0.754490819510890E+001 -0.722057191609863E+003  0.207142773595722E+003 -0.834055199705080E+003  0.260603401605408E+001  0.141394848456792E+001  0.780822090399562E+002  0.690180672147944E+001  0.293915121144333E+002
  0.100000000000000E+001  0.133141436044397E+008  0.494327600121592E+000  0.741665560358101E+001 -0.780651793361800E+003 -0.655488279679376E+003 -0.720385791405163E+003  0.251289142066841E+001  0.271415796834586E+000  0.747609219523867E+002  0.726623335104088E+001  0.276497409144050E+002
  0.100000000000000E+001  0.967362789131270E+008  0.196181098892631E+000  0.751636365330308E+001  0.619933703988297E+003  0.310849395546855E+003  0.301475018323893E+002  0.237627217192091E+001  0.137008309031293E+000  0.825054962339861E+002  0.115149813270050E+002  0.280789200042565E+002
  0.100000000000000E+001  0.656560270751342E+009  0.135220511519462E+000  0.735530566121493E+001  0.137120534001477E+003  0.222213798161679E+002  0.825611877756555E+003  0.245910293872042E+001  0.186240318780696E+000  0.737965942265146E+002  0.431391331948685E+001  0.189223334046955E+002
  0.100000000000000E+001  0.276095845024813E+010  0.279936660069131E-001  0.736978923446122E+001  0.157454680579851E+002  0.782169781757407E+003  0.490184951561311E+003  0.264441072372808E+001  0.130255287263517E+001  0.650208205389690E+002  0.576594675755612E+001  0.159803991554046E+002
  0.100000000000000E+001  0.207053125242786E+009  0.151260230124640E+000  0.732401212539393E+001 -0.560541107814872E+003  0.265094957830078E+003  0.345156018633650E+003  0.258918875812643E+001  0.169183420067236E+001  0.640788033945983E+002  0.984338467454832E+001  0.127553881930092E+002
  0.100000000000000E+001  0.679164009835846E+008  0.465465720310541E+000  0.752063747129712E+001 -0.256255044824599E+003  0.884662370731468E+003  0.412839804384721E+003  0.263048673611519E+001  0.171018727740571E+001  0.867211084008463E+002  0.557438076357207E+001  0.226181487679050E+002
  0.100000000000000E+001  0.352002381423680E+008  0.416346804179874E+000  0.735348190032905E+001 -0.159105542656715E+003  0.681880000426474E+002 -0.152642322718840E+003  0.243929180568033E+001  0.142535904841064E+001  0.842231669346232E+002  0.675727975439752E+001  0.133266726316792E+002
  0.100000000000000E+001  0.118808718526022E+008  0.454719595018512E+000  0.752425881602589E+001  0.400009714231148E+003  0.570649466151392E+003 -0.268851576141736E+003  0.261625901968786E+001  0.891298621606904E+000  0.685125758577079E+002  0.604555254243295E+001  0.238357438316533E+002
  0.100000000000000E+001  0.182260580398088E+010  0.818838838961466E-001  0.731686180551560E+001  0.260558361286382E+001  0.105431735704702E+003 -0.655383623939398E+002  0.248522687074892E+001  0.153663405253116E+001  0.733474191073745E+002  0.701069557560296E+001  0.184568220088165E+002
  0.100000000000000E+001  0.235095797762077E+009  0.201580715065081E+000  0.751135626629815E+001  0.919838492541485E+003  0.418106900830899E+003 -0.558483187339247E+002  0.232768887207529E+001  0.685118617306842E+000  0.798878846672023E+002  0.697850721474731E+001  0.233231598200048E+002
