  0.100000000000000E+001 -0.679360083876783E+003  0.176762656475780E-001  0.746737259707433E+001 -0.124276541802869E+003  0.412504224092913E+001 -0.630299213255853E+000  0.242899299981880E+001  0.502126257076314E+000  0.749487021576545E+002  0.699055698853468E+001  0.169135112447502E+002
  0.100000000000000E+001 -0.673382582623754E+003  0.181126923170741E-001  0.746737612483358E+001 -0.449419398507890E+002  0.321401556765863E+000 -0.324943406139369E+000  0.247432349508033E+001  0.508518731014674E+000  0.750155662155568E+002  0.789516211385221E+001  0.171713601877090E+002
  0.100000000000000E+001 -0.673351206532172E+003  0.181445218796804E-001  0.746736579490470E+001 -0.147011491136363E+003  0.619062600685254E+001 -0.146398573357374E+000  0.241600485043534E+001  0.486008585910434E+000  0.749654914842637E+002  0.885973307642750E+001  0.168682933886754E+002
  0.100000000000000E+001 -0.672411547383023E+003  0.197397110355546E-001  0.746737815018485E+001 -0.281558126497306E+002 -0.589847415841405E-001 -0.630584352724554E+000  0.248390157008926E+001  0.507715506781152E+000  0.750244010338147E+002  0.792005478052637E+001  0.170805836869059E+002
  0.100000000000000E+001 -0.672221526584693E+003  0.192734536486731E-001  0.746737433696212E+001 -0.220911497858564E+003  0.136611420621151E+002 -0.982540598965670E+000  0.237377100381231E+001  0.505391497271950E+000  0.749589452605671E+002  0.742891767145928E+001  0.170847358884598E+002
  0.100000000000000E+001 -0.679220923504916E+003  0.179286711469637E-001  0.746737500198481E+001  0.112807771287164E+003  0.326512868055624E+001 -0.701457450967496E+000  0.256446512872028E+001  0.507378028943412E+000  0.750170517274790E+002  0.703159528689237E+001  0.169109179772392E+002
  0.100000000000000E+001 -0.674366683459976E+003  0.191304712407944E-001  0.746738258267703E+001  0.450852615264555E+002  0.137035054204034E+000 -0.972732464440583E+000  0.252574707864100E+001  0.522170725363142E+000  0.750453916235486E+002  0.664522068598071E+001  0.170894511601123E+002
  0.100000000000000E+001 -0.674117415265444E+003  0.194344335951565E-001  0.746738318373947E+001  0.155976182930140E+002 -0.492674326153178E+000 -0.123132893811203E+001  0.250890050653760E+001  0.526357243315338E+000  0.749034745849203E+002  0.578087682022019E+001  0.170174007375674E+002
  0.100000000000000E+001 -0.673402609823458E+003  0.189310172669902E-001  0.746737167508662E+001  0.854491397421586E+002  0.184016277904345E+001 -0.117046887408833E+000  0.254885646575683E+001  0.494896034675367E+000  0.749664286326926E+002  0.872083221901224E+001  0.170751266040050E+002
  0.100000000000000E+001 -0.676785115499375E+003  0.192181058747095E-001  0.746737666317227E+001  0.262792005374101E+002 -0.117893147045038E+000 -0.472833459015419E+000  0.251501740784586E+001  0.508226533695035E+000  0.750079046984942E+002  0.758011252485417E+001  0.170059950667168E+002
  0.100000000000000E+001 -0.673092558146271E+003  0.198341257954800E-001  0.746738550113965E+001  0.488775763047254E+002 -0.402494368903490E-001 -0.146166910847717E+001  0.252791881718011E+001  0.521143591497213E+000  0.749048583167056E+002  0.652611143697206E+001  0.171470746923094E+002
  0.100000000000000E+001 -0.674173387069975E+003  0.184710795790136E-001  0.746738802975124E+001  0.100231492705017E+003  0.214121026796431E+001 -0.153507164682537E+001  0.255725663868429E+001  0.527522139232931E+000  0.748851493809046E+002  0.655989789526178E+001  0.171692270420939E+002
  0.100000000000000E+001 -0.678650011594062E+003  0.190455184583785E-001  0.746737919162392E+001 -0.619820598879221E+001 -0.349184618934146E+000 -0.782320846863513E+000  0.249644431401675E+001  0.510256805409787E+000  0.750097190157181E+002  0.747312713322877E+001  0.170874420482879E+002
  0.100000000000000E+001 -0.667975071048725E+003  0.181327834782528E-001  0.746738342236318E+001  0.281069228078497E+002 -0.445786343281384E+000 -0.170597601035263E+001  0.251603202187737E+001  0.530416122440141E+000  0.750064799398198E+002  0.574607361614162E+001  0.169242853049130E+002
  0.100000000000000E+001 -0.665690427815414E+003  0.193872515144108E-001  0.746738146684681E+001  0.291300600270279E+002 -0.164669600255138E+000 -0.507018341491630E+000  0.251665200664399E+001  0.528349940160297E+000  0.748887994086293E+002  0.664194992549876E+001  0.169629106703829E+002
  0.100000000000000E+001 -0.676216955977546E+003  0.194890594460043E-001  0.746737531554839E+001  0.133666846334444E+002 -0.335062960945947E+000 -0.721356289251275E+000  0.250764391597773E+001  0.512527484271428E+000  0.750063585728478E+002  0.716907008672334E+001  0.169148109491694E+002
  0.100000000000000E+001 -0.669204707929738E+003  0.165605774932240E-001  0.746738921734081E+001  0.153952326871026E+003  0.594363137890878E+001 -0.177309440756937E+001  0.258794144029927E+001  0.532213866126216E+000  0.750326313525366E+002  0.666292343548218E+001  0.170241750962659E+002
  0.100000000000000E+001 -0.670502086131018E+003  0.163138285702790E-001  0.746736880594219E+001 -0.211142472635467E+003  0.126287850054099E+002 -0.715886454886800E+000  0.237935413021598E+001  0.496428400520050E+000  0.749622254538831E+002  0.711022811197920E+001  0.167614036324592E+002
  0.100000000000000E+001 -0.674906933826103E+003  0.183219458037920E-001  0.746737351287949E+001  0.505973406251708E+002  0.490404215468288E+000 -0.579063403427199E+000  0.252890665516620E+001  0.512285983768450E+000  0.749941361043272E+002  0.662493106224116E+001  0.167662581353857E+002
  0.100000000000000E+001 -0.667737829143289E+003  0.221084510620760E-001  0.746738197436060E+001  0.879189009718889E+002  0.173297967168673E+001 -0.102389892481142E+001  0.255022383759979E+001  0.514639940385067E+000  0.749592568205874E+002  0.637304851264048E+001  0.171703120556992E+002
  0.100000000000000E+001 -0.678224554027208E+003  0.178413936471714E-001  0.746737292918127E+001 -0.126028614941912E+003  0.426968655198709E+001 -0.771982136356200E+000  0.242798056217041E+001  0.500595659234047E+000  0.749528351528010E+002  0.742844348421582E+001  0.169250887670390E+002
  0.100000000000000E+001 -0.667105532339514E+003  0.218994640806374E-001  0.746738230361806E+001  0.126838874184745E+003  0.415105068518096E+001 -0.105175086951533E+001  0.257245020060233E+001  0.522318425130362E+000  0.749886735710770E+002  0.642828305300269E+001  0.170149375334466E+002
  0.100000000000000E+001 -0.670911753891369E+003  0.184095312245001E-001  0.746736532959646E+001 -0.233460354459319E+003  0.155478318588551E+002 -0.614376514782975E+000  0.236661474678296E+001  0.489915029101319E+000  0.750682698846713E+002  0.759192706345533E+001  0.168600728816405E+002
  0.100000000000000E+001 -0.676839371446710E+003  0.186147308265067E-001  0.746737534677070E+001  0.464157374781882E+002  0.281310368905679E+000 -0.916080838998710E+000  0.252651355680735E+001  0.507153391223015E+000  0.750413285453499E+002  0.725308950837633E+001  0.169007076796680E+002
  0.100000000000000E+001 -0.671787169134934E+003  0.187415901168413E-001  0.746737045742468E+001  0.418354741973621E+002  0.415354709102417E+000 -0.726366887403174E-001  0.252391075501384E+001  0.494877909247634E+000  0.749226614611449E+002  0.745559570122847E+001  0.168022412315866E+002
  0.100000000000000E+001 -0.670932456432909E+003  0.178514913755362E-001  0.746737357405857E+001 -0.434974541347797E+002  0.318819052222352E+000 -0.198132659149564E+000  0.247515435380144E+001  0.504506249988632E+000  0.750107832991707E+002  0.813799249128921E+001  0.171334539518598E+002
  0.100000000000000E+001 -0.677771029863113E+003  0.182713831290696E-001  0.746736583879993E+001 -0.103712641585238E+003  0.305962472274985E+001  0.227094077934566E+000  0.244076295222209E+001  0.492397446746358E+000  0.749932085710887E+002  0.744023597505849E+001  0.168221669292834E+002
  0.100000000000000E+001 -0.675958685219286E+003  0.194029635270029E-001  0.746737442210306E+001 -0.904365408008572E+002  0.208633648207399E+001 -0.298025534660610E+000  0.244833031973123E+001  0.503956388533571E+000  0.749865918214312E+002  0.734990263182614E+001  0.169419511072907E+002
  0.100000000000000E+001 -0.668595990005027E+003  0.189342886390282E-001  0.746736487625718E+001 -0.246902299972768E+003  0.174146936164746E+002 -0.657309878573074E+000  0.235894008678766E+001  0.489888232536867E+000  0.750468965121200E+002  0.767931180758584E+001  0.168594270799391E+002
  0.100000000000000E+001 -0.655426172381077E+003  0.202927476665608E-001  0.746736447396992E+001 -0.651809843730045E+002  0.124349096467790E+001  0.673904428367678E-002  0.246277110753574E+001  0.500509095086008E+000  0.749888394881925E+002  0.611293332317759E+001  0.164316387025236E+002
  0.100000000000000E+001 -0.676194746307410E+003  0.183828875277248E-001  0.746736724379110E+001  0.976446824224563E+002  0.258788528452487E+001  0.600954353444649E-003  0.255582740962530E+001  0.494195278602400E+000  0.749452878785221E+002  0.709049556104357E+001  0.169296606094344E+002
  0.100000000000000E+001 -0.668273481791361E+003  0.183337113195805E-001  0.746737591041238E+001 -0.303583124149352E+002 -0.114980901525314E+000 -0.636022447818732E+000  0.248266469062091E+001  0.505718624356031E+000  0.749306559249814E+002  0.901817144102223E+001  0.168849609898565E+002
  0.100000000000000E+001 -0.675958480642467E+003  0.170301860944740E-001  0.746737570194017E+001 -0.635549566199101E+002  0.780252813094194E+000 -0.624061562518023E+000  0.246368995929309E+001  0.505628728703403E+000  0.750201593560118E+002  0.754752648726096E+001  0.169148854429436E+002
  0.100000000000000E+001 -0.668128197090418E+003  0.181461200333166E-001  0.746737613365677E+001 -0.361404696453189E+002  0.674822876601411E-002 -0.342080261762362E+000  0.247937402647416E+001  0.504977396597588E+000  0.748425081856238E+002  0.853185181909886E+001  0.170551756169080E+002
  0.100000000000000E+001 -0.667997216756317E+003  0.206246139255027E-001  0.746737631630211E+001 -0.119863644325546E+003  0.384447293614221E+001 -0.368738473117673E+000  0.243151061098922E+001  0.511668813938177E+000  0.750034985356182E+002  0.783166034472813E+001  0.170168924537151E+002
  0.100000000000000E+001 -0.670313495557479E+003  0.183273748186112E-001  0.746738285090972E+001  0.984469457219509E+002  0.217242029839679E+001 -0.113076619103663E+001  0.255624934166538E+001  0.527416232358386E+000  0.749520588525585E+002  0.549018743619511E+001  0.170856974724244E+002
  0.100000000000000E+001 -0.659451650632318E+003  0.219247902440996E-001  0.746738146902478E+001  0.136416362348729E+003  0.482046038826377E+001 -0.834675970819717E+000  0.257794469673161E+001  0.523166738529885E+000  0.750419937920597E+002  0.525653570895369E+001  0.169159290614629E+002
  0.100000000000000E+001 -0.670335326984733E+003  0.203393685305846E-001  0.746738322235069E+001  0.134010232698355E+003  0.450466426477169E+001 -0.147879324517237E+001  0.257655553516765E+001  0.521150035042367E+000  0.749989463715694E+002  0.648422708971824E+001  0.169880597701267E+002
  0.100000000000000E+001 -0.675774817472835E+003  0.189191394791612E-001  0.746737264597588E+001 -0.164645238453207E+003  0.755402133567623E+001 -0.511083972193092E+000  0.240592294511679E+001  0.503084795520194E+000  0.750087160816334E+002  0.790550478171070E+001  0.168781181454712E+002
  0.100000000000000E+001 -0.670970837512680E+003  0.183936959114940E-001  0.746737151679662E+001  0.854045259234915E+002  0.183273440621474E+001 -0.371617097699186E+000  0.254881448033261E+001  0.509963560575453E+000  0.749842112250848E+002  0.623739516309071E+001  0.168894136710463E+002
  0.100000000000000E+001 -0.676066020394332E+003  0.174014306014039E-001  0.746738415842206E+001  0.127909020599204E+003  0.410321652876951E+001 -0.122883014932995E+001  0.257306375934726E+001  0.520480938277403E+000  0.750159222113197E+002  0.672365407920782E+001  0.171891774067504E+002
  0.100000000000000E+001 -0.678881599188683E+003  0.191115186683488E-001  0.746737312721021E+001  0.692767193226373E+002  0.115107373886849E+001 -0.512316599629685E+000  0.253958222597170E+001  0.503597647564289E+000  0.750202766900134E+002  0.766565278802575E+001  0.169927893706599E+002
  0.100000000000000E+001 -0.666491625714924E+003  0.200567696242097E-001  0.746735598504000E+001 -0.147626081715505E+003  0.654180797359368E+001  0.886371475677265E+000  0.241568530571912E+001  0.465632599116180E+000  0.749695665305621E+002  0.908371937834641E+001  0.168807724042739E+002
  0.100000000000000E+001 -0.678473862676643E+003  0.172914797895018E-001  0.746737052117381E+001  0.797385244821814E+002  0.168169622350729E+001 -0.282357726402097E+000  0.254556715228192E+001  0.498330180988604E+000  0.750176461488402E+002  0.809408497725083E+001  0.169103209296861E+002
  0.100000000000000E+001 -0.675682272484342E+003  0.170673787341115E-001  0.746737811234756E+001  0.130845842695769E+003  0.444015172768025E+001 -0.793012222714196E+000  0.257476435109489E+001  0.511230368443336E+000  0.749769044499861E+002  0.666324120444937E+001  0.171084293824727E+002
  0.100000000000000E+001 -0.664842257425269E+003  0.170266117930826E-001  0.746738485054515E+001 -0.148469370351476E+003  0.566688689378259E+001 -0.173466470564244E+001  0.241513519022970E+001  0.512332592297325E+000  0.750477078373264E+002  0.743673877511519E+001  0.171766846797669E+002
  0.100000000000000E+001 -0.675592509315564E+003  0.186889552901001E-001  0.746736658371357E+001  0.143581086860321E+003  0.588816626459732E+001  0.318359450641537E+000  0.258206414851073E+001  0.491974886992550E+000  0.750462285726369E+002  0.714402011913484E+001  0.169030573333082E+002
  0.100000000000000E+001 -0.675248046108947E+003  0.178439356456281E-001  0.746738496826655E+001  0.995434095721002E+002  0.213341183344619E+001 -0.148994747590427E+001  0.255686734828917E+001  0.528206914934993E+000  0.749230617990134E+002  0.676880594089461E+001  0.170853397410811E+002
  0.100000000000000E+001 -0.663266070428088E+003  0.168258863164157E-001  0.746737584182726E+001 -0.275310788541934E+002 -0.188292793474147E+000 -0.522255130332610E+000  0.248428338744156E+001  0.505459862540653E+000  0.749073022896121E+002  0.889640337815129E+001  0.169548490110506E+002
  0.100000000000000E+001 -0.670273755686016E+003  0.200694107210477E-001  0.746737114773722E+001  0.560867286212945E+002  0.697741840448998E+000 -0.273082220658580E+000  0.253206930104082E+001  0.507824490185400E+000  0.749000849920729E+002  0.681189501919695E+001  0.168921677584357E+002
  0.100000000000000E+001 -0.679803098875929E+003  0.183690850836165E-001  0.746737880470083E+001  0.858224794465873E+002  0.169924067101431E+001 -0.820535777267878E+000  0.254903578512793E+001  0.514072446250936E+000  0.749452285022879E+002  0.669378458271148E+001  0.171092468962336E+002
