  0.176816983109069E-001  0.746736374404955E+001 -0.978861005088855E+002  0.289911793516410E+001  0.550885803500364E+000  0.244408946248473E+001  0.491066289056782E+000  0.749954127953463E+002  0.694284732064174E+001  0.167625834108017E+002  0.336372632539467E+003
  0.195398632031985E-001  0.746737114325078E+001 -0.177743490711634E+003  0.889791672156684E+001 -0.653896595516812E+000  0.239842711365863E+001  0.494502588866975E+000  0.749900830431029E+002  0.812467312445278E+001  0.170506879960684E+002  0.336324163561658E+003
  0.186473943505138E-001  0.746737110570142E+001 -0.112390926619967E+003  0.336279393203756E+001 -0.502615120463815E+000  0.243578940083863E+001  0.500593851271806E+000  0.748914947411785E+002  0.798075806560330E+001  0.168957628201498E+002  0.337579472785695E+003
  0.168979009356141E-001  0.746737227246475E+001 -0.132909167043024E+003  0.484739803047773E+001 -0.549153989067122E+000  0.242404830592724E+001  0.502654294200761E+000  0.749572767683917E+002  0.748339030811233E+001  0.169253053127841E+002  0.336856150631415E+003
  0.166249761117445E-001  0.746737604882260E+001 -0.101831543690761E+003  0.260840177782268E+001 -0.957894600452960E+000  0.244180036538599E+001  0.510150449887457E+000  0.750278473759086E+002  0.729885095555788E+001  0.169021009198852E+002  0.338608493984188E+003
  0.184853310428842E-001  0.746736524194410E+001 -0.131764434862269E+003  0.503040622387357E+001  0.283280800695820E+000  0.242473222295280E+001  0.491784481636160E+000  0.749685623125391E+002  0.764059012480141E+001  0.169165604175163E+002  0.337994247119895E+003
  0.191460830971597E-001  0.746737390321962E+001 -0.965701596703636E+002  0.235603073501102E+001 -0.399936494418967E+000  0.244483120512399E+001  0.506473782619156E+000  0.749377063020645E+002  0.791448331246244E+001  0.170040090756747E+002  0.336544833600447E+003
  0.194183638819680E-001  0.746737317016815E+001 -0.222571191061744E+003  0.139625969211947E+002 -0.942226199994366E+000  0.237281900313948E+001  0.505554940843906E+000  0.750187669954681E+002  0.734135563265986E+001  0.170275785721613E+002  0.336711472418665E+003
  0.180158003835926E-001  0.746736555025710E+001 -0.215139112651268E+003  0.132664424512438E+002 -0.215222734879944E+000  0.237708348320969E+001  0.489320379865144E+000  0.749505598720311E+002  0.841293957254434E+001  0.168632128704936E+002  0.336265762778445E+003
  0.164801298379765E-001  0.746737330847538E+001 -0.259981422110263E+003  0.190176817976353E+002 -0.153502381256999E+001  0.235144743004703E+001  0.502998867128450E+000  0.749408799160761E+002  0.706119145215395E+001  0.169737783183646E+002  0.336141459188939E+003
  0.189445983731394E-001  0.746738271439860E+001 -0.654143237811605E+002  0.795156837290619E+000 -0.964023386156214E+000  0.246260097753901E+001  0.520229274526801E+000  0.749239366026377E+002  0.706043030977766E+001  0.172062266852793E+002  0.336557005035899E+003
  0.194156418822700E-001  0.746737095909212E+001 -0.144448171472470E+003  0.584975165569369E+001 -0.464275386614872E+000  0.241745529895560E+001  0.491982748987909E+000  0.749987714772995E+002  0.862796534328709E+001  0.170951388483037E+002  0.336202085240015E+003
  0.159405173899300E-001  0.746737459930749E+001 -0.152236119544958E+003  0.637851922846221E+001 -0.669365618965799E+000  0.241300837918186E+001  0.506901481749589E+000  0.749270099560034E+002  0.714912966844491E+001  0.168916484666167E+002  0.336309548699964E+003
  0.191239904075525E-001  0.746737229125370E+001 -0.227050870929218E+003  0.145834933092226E+002 -0.831572225590321E+000  0.237026463865882E+001  0.502786130280033E+000  0.749841828117731E+002  0.760071574120519E+001  0.170678776957906E+002  0.336337496565173E+003
  0.179562201181594E-001  0.746737515857862E+001 -0.404372990873350E+002  0.233725406910253E+000 -0.233875950370020E+000  0.247690025579136E+001  0.507198709023198E+000  0.750049226497902E+002  0.795105503259868E+001  0.171387468970511E+002  0.336679244741655E+003
  0.182994886728539E-001  0.746738107497975E+001 -0.392188297662506E+002  0.130011138980990E-001 -0.869926531649980E+000  0.247757676848418E+001  0.511120063439378E+000  0.750208545999510E+002  0.759674237536543E+001  0.170952067666162E+002  0.338168397428440E+003
  0.204367226917030E-001  0.746737823407949E+001 -0.679302429070763E+002  0.852661558092109E+000 -0.783286270239387E+000  0.246119318828788E+001  0.512154407629787E+000  0.749800304139253E+002  0.676244969715807E+001  0.169450130105191E+002  0.337195632349193E+003
  0.189238490633365E-001  0.746737670500060E+001 -0.724467331093160E+001 -0.299671436369294E+000 -0.592080808293758E+000  0.249585006140711E+001  0.505909651654555E+000  0.750095790167906E+002  0.770681895790164E+001  0.170602631775140E+002  0.336549080573230E+003
  0.192552686756570E-001  0.746737314099940E+001 -0.225625049320160E+003  0.143627766545586E+002 -0.889490735206891E+000  0.237107469472365E+001  0.503891033702935E+000  0.750114732972542E+002  0.760748358261666E+001  0.170726716551474E+002  0.336403526498640E+003
  0.195686931361864E-001  0.746736899262927E+001 -0.224744177631386E+002  0.445615619966020E-001  0.140223275830976E+000  0.248718364618547E+001  0.498026212319072E+000  0.749995977499576E+002  0.859018804347316E+001  0.169748416027210E+002  0.336133141638474E+003
  0.170890203975991E-001  0.746737281691359E+001 -0.225491920542578E+003  0.143341900505490E+002 -0.779959570479718E+000  0.237116468518836E+001  0.499363568255576E+000  0.748936402018168E+002  0.733475582200863E+001  0.170549895819887E+002  0.336358059916888E+003
  0.190538769152250E-001  0.746737285751226E+001 -0.181208575416786E+003  0.919521472855411E+001 -0.423849746086034E+000  0.239646980517763E+001  0.498495037355724E+000  0.749407046933238E+002  0.861461510122193E+001  0.169903457839955E+002  0.336135252255003E+003
  0.189218994747141E-001  0.746738093341857E+001 -0.619898250136415E+002  0.726152399117154E+000 -0.947445084958645E+000  0.246454938913949E+001  0.517189403069316E+000  0.750103388358610E+002  0.696862894707670E+001  0.171775821816563E+002  0.336461071109530E+003
  0.194440136955632E-001  0.746737627920130E+001 -0.244082204210142E+003  0.166747523103752E+002 -0.135556900066729E+001  0.236053375770057E+001  0.509814628789349E+000  0.749088988417644E+002  0.692906453069405E+001  0.170531875160038E+002  0.336546247728759E+003
  0.182255253124198E-001  0.746737026917748E+001 -0.123308123443485E+003  0.419144650895475E+001 -0.550106410807985E+000  0.242953409089974E+001  0.495376854223731E+000  0.749767696155602E+002  0.813484300145575E+001  0.170713267377254E+002  0.336614474450123E+003
  0.183744903117413E-001  0.746737120058098E+001 -0.510051261374729E+002  0.610375823725690E+000  0.551183948680318E-001  0.247087344266705E+001  0.502293395579157E+000  0.749888085660638E+002  0.844379227866096E+001  0.169841349645040E+002  0.336181321625671E+003
  0.180900925026891E-001  0.746737100051695E+001 -0.102048996635787E+003  0.285222829074189E+001 -0.334600122382767E+000  0.244169056152580E+001  0.503533237603729E+000  0.749647762464983E+002  0.731747681468783E+001  0.168016074387536E+002  0.337576329709039E+003
  0.192314992135448E-001  0.746737088242909E+001 -0.222911057191736E+003  0.140660922484412E+002 -0.746809157832558E+000  0.237263142105912E+001  0.500349632383621E+000  0.750133588443229E+002  0.758598722285898E+001  0.170172459315182E+002  0.336960374116182E+003
  0.194749484407887E-001  0.746736938327051E+001 -0.416927219802485E+002  0.417945502794623E+000  0.116196059536151E+000  0.247619729048846E+001  0.499466385864856E+000  0.750005519257926E+002  0.837077659978192E+001  0.170048583594919E+002  0.336350473319737E+003
  0.179746731742443E-001  0.746736187852392E+001 -0.844931627922670E+002  0.220442278030703E+001  0.612051699015751E+000  0.245174617815786E+001  0.487318932744787E+000  0.749836670497584E+002  0.712183144687785E+001  0.167569399418084E+002  0.336604259377369E+003
  0.196359916910102E-001  0.746737324332658E+001 -0.160493492898249E+003  0.714226302227178E+001 -0.478742634021955E+000  0.240830104391451E+001  0.497693526136854E+000  0.749565512754698E+002  0.865818402788960E+001  0.170254943725015E+002  0.336864403797064E+003
  0.193589139857772E-001  0.746736886837039E+001 -0.180302271076357E+003  0.926592191534633E+001  0.856024292654638E-001  0.239699854379448E+001  0.494506070903346E+000  0.749383611972209E+002  0.801814712926734E+001  0.169706855326748E+002  0.336302173008556E+003
  0.191055468699011E-001  0.746737414330205E+001 -0.104379388096008E+003  0.278945025159999E+001 -0.716194213142785E+000  0.244036192392507E+001  0.506166022639491E+000  0.749496244927830E+002  0.716071238156041E+001  0.168925331142255E+002  0.339197038587436E+003
  0.186203746273004E-001  0.746737029426251E+001 -0.153838419115591E+003  0.660190196909195E+001 -0.525055948600766E+000  0.241209540318502E+001  0.496590467301712E+000  0.749601807613694E+002  0.791601917851071E+001  0.170021027968724E+002  0.338079156184010E+003
  0.195056857702667E-001  0.746738185340738E+001 -0.608553621841436E+002  0.499836285473521E+000 -0.937574391704970E+000  0.246523581999219E+001  0.520114386505360E+000  0.748882716343676E+002  0.662547800109589E+001  0.169779275411387E+002  0.336586104089283E+003
  0.181185384262078E-001  0.746736500913465E+001 -0.100619059263308E+003  0.301160521877739E+001  0.454294747653080E+000  0.244252725655519E+001  0.494315074914908E+000  0.749874944455955E+002  0.695305796706759E+001  0.167443911972140E+002  0.336550980487291E+003
  0.189191394791612E-001  0.746737264597588E+001 -0.164645238453207E+003  0.755402133567623E+001 -0.511083972193092E+000  0.240592294511679E+001  0.503084795520194E+000  0.750087160816334E+002  0.790550478171070E+001  0.168781181454712E+002  0.337887408736418E+003
  0.202884784078662E-001  0.746737239577908E+001 -0.337462276528396E+002  0.307996626343083E-001 -0.401445545305023E+000  0.248072879557761E+001  0.502195828626416E+000  0.749784905713809E+002  0.716507753894143E+001  0.168571030135905E+002  0.336581594500738E+003
  0.193599319154822E-001  0.746737829491258E+001 -0.246794451075828E+003  0.169723496192662E+002 -0.158231290134927E+001  0.235897919138228E+001  0.511888371508811E+000  0.749018357993160E+002  0.698715118225521E+001  0.170482773439594E+002  0.336623680104932E+003
  0.189920367460326E-001  0.746737584697015E+001 -0.244019647056715E+003  0.166472850416375E+002 -0.136747572536285E+001  0.236057085878701E+001  0.508813993981249E+000  0.748996420178106E+002  0.701976161038756E+001  0.170372526801052E+002  0.336730901289847E+003
  0.190617607813843E-001  0.746738541745771E+001 -0.210686303888845E+003  0.120218647886086E+002 -0.185870675237129E+001  0.237959703196384E+001  0.522954648621002E+000  0.750148768484095E+002  0.696028950100040E+001  0.171602858487817E+002  0.336148766243769E+003
  0.174218677055766E-001  0.746736780646863E+001 -0.206551959808354E+003  0.120397900932741E+002 -0.737778429509149E+000  0.238198538299154E+001  0.489209373926255E+000  0.750408457478716E+002  0.814149384670794E+001  0.169125064934419E+002  0.336568422980285E+003
  0.172216797629281E-001  0.746737302063202E+001 -0.197259701531752E+003  0.108526154840787E+002 -0.805524561776792E+000  0.238729535786161E+001  0.503818416200312E+000  0.748976153372808E+002  0.640794187680755E+001  0.169006466011784E+002  0.336180379841025E+003
  0.194982409488547E-001  0.746737064990359E+001 -0.141711621978027E+003  0.557494526399591E+001 -0.534874391163726E+000  0.241902484387657E+001  0.497728015005401E+000  0.750398542553367E+002  0.674631984700824E+001  0.167625253929571E+002  0.336155779392451E+003
  0.180328589260428E-001  0.746736560551885E+001 -0.884265277763502E+002  0.233836668058916E+001  0.384695916500846E+000  0.244949322394498E+001  0.494225565048621E+000  0.749906096950783E+002  0.708203855771245E+001  0.167714096246176E+002  0.336147562630328E+003
  0.158474616659924E-001  0.746736542238688E+001 -0.688362840209561E+002  0.131013112076528E+001  0.213495809508686E-001  0.246068696009048E+001  0.484533775405374E+000  0.749977677082429E+002  0.874371452171353E+001  0.168901785775204E+002  0.336528303079683E+003
  0.179352143143702E-001  0.746736432444952E+001 -0.903772113728053E+002  0.249779663357356E+001  0.522774135010422E+000  0.244837693182909E+001  0.491703063879043E+000  0.749869894323196E+002  0.716904286139167E+001  0.167754961172168E+002  0.336355404003522E+003
  0.187561113279617E-001  0.746737680145055E+001 -0.889236822747068E+001 -0.217964679058809E+000 -0.644440052815071E+000  0.249490641855915E+001  0.505503014712288E+000  0.750189199170712E+002  0.769695354865732E+001  0.170819275015360E+002  0.336160608059192E+003
  0.166248693999721E-001  0.746737146334134E+001 -0.176419789215380E+003  0.870533128339980E+001 -0.543765270351628E+000  0.239919815733804E+001  0.504180710329799E+000  0.750247148161719E+002  0.662656672683253E+001  0.169632826283854E+002  0.336147918210402E+003
  0.188297480475764E-001  0.746737991737816E+001 -0.146892709831036E+003  0.578150016143582E+001 -0.100491837041022E+001  0.241604980087562E+001  0.514996242678061E+000  0.749663190254872E+002  0.682133871409034E+001  0.172308348467488E+002  0.337348109137064E+003
  0.193026019283963E-001  0.746737001970616E+001 -0.153662767072006E+003  0.651357248353838E+001 -0.495097451567631E+000  0.241221466732886E+001  0.498297967781362E+000  0.748673018237337E+002  0.787079482362573E+001  0.169155638528620E+002  0.336191725232905E+003
  0.164451665212291E-001  0.746736625617285E+001 -0.989384328028509E+002  0.270394642759550E+001 -0.465394710944338E-001  0.244348778976249E+001  0.487024371491276E+000  0.749953200449506E+002  0.844065926496826E+001  0.168467150558093E+002  0.337386895553246E+003
  0.184883208269735E-001  0.746738341845569E+001 -0.179042226442302E+003  0.853142823055884E+001 -0.154105966196437E+001  0.239768092909271E+001  0.522431809895399E+000  0.750215600766635E+002  0.670384822685996E+001  0.170204835438588E+002  0.336189135823193E+003
  0.166708807036841E-001  0.746737488004094E+001 -0.152931084615349E+003  0.636610984896868E+001 -0.805265226776669E+000  0.241261563648673E+001  0.511940994355362E+000  0.750367769702384E+002  0.647809459414042E+001  0.168805826590436E+002  0.336417935725804E+003
  0.181126923170741E-001  0.746737612483358E+001 -0.449419398507890E+002  0.321401556765863E+000 -0.324943406139369E+000  0.247432349508033E+001  0.508518731014674E+000  0.750155662155568E+002  0.789516211385221E+001  0.171713601877090E+002  0.336691291311877E+003
  0.175293356712532E-001  0.746737428604783E+001 -0.189807148135075E+002 -0.119104523953638E+000 -0.294496410546230E+000  0.248915857700027E+001  0.500348363750348E+000  0.749197632884137E+002  0.830443365453562E+001  0.171280333943943E+002  0.337664719985739E+003
  0.192523053043411E-001  0.746736655885624E+001 -0.499669638027358E+002  0.711643978965185E+000  0.285992544404280E+000  0.247147327038107E+001  0.494747777988725E+000  0.750321445796916E+002  0.839969199083773E+001  0.169456057896964E+002  0.336116134006216E+003
  0.176348627497123E-001  0.746736706945223E+001 -0.930127214969897E+002  0.250047232596967E+001  0.353574954134388E+000  0.244687362538400E+001  0.496496252693232E+000  0.749823054901277E+002  0.700674861702944E+001  0.168031529866235E+002  0.337844863531028E+003
  0.187497018264391E-001  0.746737667723055E+001 -0.627368559202034E+001 -0.307118212973023E+000 -0.647604140218164E+000  0.249640454684991E+001  0.505746076761775E+000  0.750206137309223E+002  0.765083358175439E+001  0.170569258475263E+002  0.338308972324397E+003
  0.184396725348487E-001  0.746737143399711E+001 -0.583237591239990E+002  0.862365743328155E+000  0.209764543086521E-001  0.246668994759025E+001  0.503395903179024E+000  0.749904725355134E+002  0.826965641824505E+001  0.169701310238355E+002  0.336097708499822E+003
  0.184353294910673E-001  0.746737931830765E+001 -0.338481268701196E+002 -0.772158707288781E-001 -0.763305669965348E+000  0.248064902848319E+001  0.507708853837920E+000  0.750184327222509E+002  0.781020296691196E+001  0.170720096719716E+002  0.337418374429039E+003
  0.185734040890607E-001  0.746737312681271E+001 -0.174999843144825E+003  0.854889314432671E+001 -0.586419138196447E+000  0.240001241996663E+001  0.503898393090642E+000  0.749357684764256E+002  0.655810164329948E+001  0.169554803480662E+002  0.337053941269870E+003
  0.182953108318733E-001  0.746737077415052E+001 -0.580897259987282E+002  0.843027362257317E+000  0.664303820942678E-001  0.246682680229914E+001  0.502622414693528E+000  0.749881547210134E+002  0.834641065435818E+001  0.169556381813841E+002  0.336279038008546E+003
  0.202121400027166E-001  0.746737519838273E+001 -0.736596142299024E+002  0.114828171082365E+001 -0.618844410469364E+000  0.245792247654900E+001  0.506859224321097E+000  0.749729190724742E+002  0.709240595000654E+001  0.168707731590716E+002  0.336782119527552E+003
  0.185315198249713E-001  0.746737555336482E+001 -0.981550233871269E+001 -0.239050239185190E+000 -0.557737164539162E+000  0.249437855444310E+001  0.503211716229365E+000  0.750205528089306E+002  0.780455799318088E+001  0.170759655223148E+002  0.336476908010119E+003
  0.193075297246576E-001  0.746737737055354E+001 -0.985353312294953E+002  0.242376369306726E+001 -0.445926540953451E+000  0.244370407822518E+001  0.515592209515068E+000  0.748897947231492E+002  0.670261778968892E+001  0.169225322670930E+002  0.336509715062609E+003
  0.171233905585720E-001  0.746737348860179E+001 -0.213141950977239E+003  0.127456156015386E+002 -0.753514404098155E+000  0.237821881360409E+001  0.500773759658545E+000  0.749238317068468E+002  0.726988591252926E+001  0.170470105772545E+002  0.337836291560460E+003
  0.187891263372240E-001  0.746737671229240E+001 -0.544234751762326E+001 -0.310664513706570E+000 -0.644580051488902E+000  0.249687918465150E+001  0.505403684295760E+000  0.750192142007972E+002  0.773873204811006E+001  0.170639647977670E+002  0.337749227691674E+003
  0.198273114993274E-001  0.746736887020181E+001 -0.193827181220783E+003  0.105449091836167E+002 -0.712374379461380E+000  0.238925926551355E+001  0.491919393955700E+000  0.749468935162255E+002  0.814469990864951E+001  0.169465856312344E+002  0.336661321624467E+003
  0.194155281117674E-001  0.746737001084106E+001 -0.767399997589542E+002  0.148948252082914E+001 -0.312511700944924E+000  0.245616258648971E+001  0.491157419165906E+000  0.749299966802754E+002  0.902883327881448E+001  0.169953070624713E+002  0.337534314803213E+003
  0.190093653944064E-001  0.746737692916682E+001 -0.245658839719681E+003  0.168515800760467E+002 -0.141465187325025E+001  0.235963446486389E+001  0.512516890082120E+000  0.748910624679890E+002  0.696846680324629E+001  0.170167385984446E+002  0.336278444661922E+003
  0.175468789289511E-001  0.746736508886020E+001 -0.196665626684807E+002  0.166251238829204E+000  0.378893318459177E+000  0.248879122879538E+001  0.482371308957825E+000  0.749105477636339E+002  0.919868250244050E+001  0.169601573150856E+002  0.336295516143188E+003
  0.181445218796804E-001  0.746736579490470E+001 -0.147011491136363E+003  0.619062600685254E+001 -0.146398573357374E+000  0.241600485043534E+001  0.486008585910434E+000  0.749654914842637E+002  0.885973307642750E+001  0.168682933886754E+002  0.336675603266086E+003
  0.185371411794404E-001  0.746737968274618E+001 -0.130073012739483E+003  0.449301971260650E+001 -0.829721575933377E+000  0.242566273141007E+001  0.517152077292246E+000  0.749766610168137E+002  0.640393484438943E+001  0.172184723515660E+002  0.336268646094644E+003
  0.172854429173919E-001  0.746737409208494E+001 -0.141357645172143E+003  0.537313330568873E+001 -0.705638093516882E+000  0.241923147362702E+001  0.508700710581564E+000  0.750093302582658E+002  0.677030091232267E+001  0.169239174451101E+002  0.337228648974587E+003
  0.190149208655517E-001  0.746738606554135E+001 -0.183582636163495E+003  0.895135101714311E+001 -0.172549997077715E+001  0.239508376380497E+001  0.524387845431455E+000  0.750075328496536E+002  0.705258231147298E+001  0.171682369283328E+002  0.336577574444041E+003
  0.157304247448153E-001  0.746737349863203E+001 -0.115963336512700E+003  0.356541463830308E+001 -0.855265929122652E+000  0.243372549343488E+001  0.504324249255487E+000  0.750171396902789E+002  0.751707321109940E+001  0.168569897972597E+002  0.336162076327977E+003
  0.157159039785406E-001  0.746737374814450E+001 -0.117136581107833E+003  0.368572836473629E+001 -0.694090946716301E+000  0.243305984493755E+001  0.504010456197407E+000  0.749808008649382E+002  0.772894127424512E+001  0.169566794057246E+002  0.336240946289841E+003
  0.175983873313054E-001  0.746736966879034E+001 -0.144042838766858E+003  0.584567246137112E+001 -0.146814951279453E+000  0.241770621622308E+001  0.500845254927503E+000  0.750061848622460E+002  0.670337131514217E+001  0.168896928412291E+002  0.338142183985700E+003
  0.179304042376296E-001  0.746736235865238E+001 -0.661694240237056E+002  0.139550790420788E+001  0.676477412930012E+000  0.246222212249781E+001  0.489369679316848E+000  0.749446769678347E+002  0.707735107543690E+001  0.167365789125307E+002  0.336458750994148E+003
  0.190660568211554E-001  0.746736902891362E+001 -0.163964064001225E+003  0.759265920849248E+001 -0.443473953214834E+000  0.240631233944300E+001  0.490845060435977E+000  0.749648832783993E+002  0.852576562289188E+001  0.170035940993232E+002  0.337282781717521E+003
  0.179117091984342E-001  0.746736567380044E+001 -0.216623806755472E+003  0.134435318999089E+002 -0.240828141640577E+000  0.237623464787717E+001  0.489055681553749E+000  0.749537353498418E+002  0.846787745339375E+001  0.168733536081400E+002  0.336212254366886E+003
  0.166412945283307E-001  0.746737411120774E+001 -0.259864350857501E+003  0.189632226596519E+002 -0.161545454894110E+001  0.235151242499033E+001  0.504914311767054E+000  0.749466056583007E+002  0.694274939723669E+001  0.169589680389910E+002  0.336514125815723E+003
  0.197340612467179E-001  0.746737012111566E+001 -0.196498377157026E+002 -0.290987375022951E-001  0.227535228143552E-001  0.248879542458265E+001  0.499956997238222E+000  0.750010136713299E+002  0.851389584606292E+001  0.169880382948788E+002  0.336230718819906E+003
  0.190915180852827E-001  0.746736868597625E+001 -0.162261434021403E+003  0.735566693448368E+001 -0.430203876927635E+000  0.240729894865849E+001  0.497337501430144E+000  0.749226762573393E+002  0.747859522238929E+001  0.169115172686832E+002  0.337850221517317E+003
  0.162711687700574E-001  0.746736480402062E+001 -0.945575121966766E+002  0.252319235019161E+001  0.713981371407044E-001  0.244599507856312E+001  0.483890201698381E+000  0.749886246737618E+002  0.864929880896704E+001  0.168175013515276E+002  0.336317766781131E+003
  0.194319178054995E-001  0.746737508877741E+001 -0.896239342068075E+002  0.195470605049366E+001 -0.741291364558037E+000  0.244878738109710E+001  0.505673151546618E+000  0.749296332018864E+002  0.807951254056886E+001  0.170669080567248E+002  0.338106154305024E+003
  0.163294964551312E-001  0.746737781537765E+001 -0.130072900793701E+003  0.447864775388939E+001 -0.784384256408998E+000  0.242566817268001E+001  0.512080596991240E+000  0.749143760780661E+002  0.673670178187246E+001  0.169509438469221E+002  0.337130902782379E+003
  0.197397110355546E-001  0.746737815018485E+001 -0.281558126497306E+002 -0.589847415841405E-001 -0.630584352724554E+000  0.248390157008926E+001  0.507715506781152E+000  0.750244010338147E+002  0.792005478052637E+001  0.170805836869059E+002  0.336205773691511E+003
  0.190702134715142E-001  0.746738549343342E+001 -0.181904811437647E+003  0.876819533401681E+001 -0.170136461564516E+001  0.239604282378673E+001  0.523528603304335E+000  0.750032243543684E+002  0.710919392985535E+001  0.171464842662933E+002  0.336391812166491E+003
  0.174089200002350E-001  0.746737916449610E+001  0.105945178731803E+003  0.269002819179627E+001 -0.104331647665526E+001  0.256053782674149E+001  0.510945856712951E+000  0.749485054397311E+002  0.623893188409800E+001  0.170284328449636E+002  0.336836454126853E+003
  0.176653006073813E-001  0.746738765493414E+001  0.135714501179754E+003  0.453330383841251E+001 -0.162797655163797E+001  0.257751792587605E+001  0.528224829512694E+000  0.750430607018952E+002  0.693493699533514E+001  0.171796795563457E+002  0.337309829141735E+003
  0.166471129713878E-001  0.746737577732524E+001  0.115736386416135E+003  0.354605677153222E+001 -0.345543499673681E+000  0.256613900933838E+001  0.514946973748918E+000  0.749936350015005E+002  0.608670105816807E+001  0.168350057918065E+002  0.336261722100963E+003
  0.197600864704347E-001  0.746737307530732E+001  0.142058054739480E+003  0.542510330251014E+001 -0.555280125517356E+000  0.258118128573336E+001  0.508394696373960E+000  0.749577708514975E+002  0.672238911678740E+001  0.167711481139175E+002  0.336593984498006E+003
  0.178921308615955E-001  0.746737502174959E+001  0.119803070117148E+003  0.382678552564846E+001 -0.194336287667056E+000  0.256847264226828E+001  0.509440077788596E+000  0.749986464210304E+002  0.706763216233765E+001  0.169517963643188E+002  0.338464891733250E+003
  0.192230239942044E-001  0.746737591495559E+001  0.133878757684083E+003  0.480903517069441E+001 -0.475074964628448E+000  0.257650265406102E+001  0.504435837818812E+000  0.750509494601427E+002  0.657398307932181E+001  0.169950164915826E+002  0.336730830535768E+003
  0.173747293599593E-001  0.746737187074092E+001  0.145364524317845E+003  0.581502256476347E+001 -0.107703522036672E+000  0.258307609819203E+001  0.496634320424304E+000  0.750116985293895E+002  0.694060511354882E+001  0.169978257721900E+002  0.336151900179427E+003
  0.170673787341115E-001  0.746737811234756E+001  0.130845842695769E+003  0.444015172768025E+001 -0.793012222714196E+000  0.257476435109489E+001  0.511230368443336E+000  0.749769044499861E+002  0.666324120444937E+001  0.171084293824727E+002  0.337841136242171E+003
  0.192923383315835E-001  0.746737361549010E+001  0.122387897119668E+003  0.404822402095226E+001 -0.139654525298283E+000  0.256995504062605E+001  0.511206085389710E+000  0.749153677400685E+002  0.673099146980837E+001  0.168955850985106E+002  0.336772471149438E+003
  0.181670473280795E-001  0.746738387813640E+001  0.126222223268649E+003  0.393310474680914E+001 -0.145506542692453E+001  0.257210220867542E+001  0.525328687413571E+000  0.750208377424519E+002  0.619925752434166E+001  0.170100900221124E+002  0.337587243532893E+003
  0.194002024994647E-001  0.746738644965799E+001  0.123907635201102E+003  0.367157034907507E+001 -0.131636461992071E+001  0.257079204241728E+001  0.531404353658420E+000  0.749425675496481E+002  0.615095943851843E+001  0.171696076340348E+002  0.336412412998139E+003
  0.198838365196303E-001  0.746737107503906E+001  0.100273726642011E+003  0.268037657618493E+001 -0.720211776763335E-002  0.255732638234443E+001  0.502612665991896E+000  0.749434649147413E+002  0.631085473977373E+001  0.169943519466922E+002  0.336476106112932E+003
  0.187368069913754E-001  0.746736679592121E+001  0.127000734907775E+003  0.470150108255086E+001  0.505385419015397E+000  0.257259041894897E+001  0.489066775309229E+000  0.750223623766028E+002  0.732987491813600E+001  0.169885565512693E+002  0.336146452225685E+003
  0.186340552614729E-001  0.746738312790500E+001  0.101757669022065E+003  0.245151683005520E+001 -0.112629796158194E+001  0.255812658497422E+001  0.522582729352685E+000  0.749966328209232E+002  0.641852379902193E+001  0.171571842435912E+002  0.338751777728054E+003
  0.169631274227985E-001  0.746736490246952E+001  0.112849824085198E+003  0.370065022857386E+001  0.490911038884633E+000  0.256451352997780E+001  0.491374656765698E+000  0.750139811272612E+002  0.667190768008603E+001  0.168012706701776E+002  0.336268372907637E+003
  0.193008045569983E-001  0.746737984494417E+001  0.152355089133137E+003  0.616876737227994E+001 -0.995905652597230E+000  0.258703531874260E+001  0.510707223476426E+000  0.750495041434880E+002  0.689024740451063E+001  0.170673678081978E+002  0.336707448750139E+003
  0.179966247810040E-001  0.746738595448416E+001  0.130845614299382E+003  0.420447917690001E+001 -0.146549012682488E+001  0.257474167135296E+001  0.527431905854595E+000  0.749963094649740E+002  0.628207432597691E+001  0.169880590431938E+002  0.337752714166128E+003
  0.192204700410554E-001  0.746737685817044E+001  0.129829232551822E+003  0.446876492750062E+001 -0.488216284709779E+000  0.257419382716621E+001  0.516286938396426E+000  0.749092508147134E+002  0.616952523827503E+001  0.167927886401360E+002  0.336415930225862E+003
  0.187234173069946E-001  0.746738575693234E+001  0.132185583814628E+003  0.432943892716912E+001 -0.150898277033411E+001  0.257550153155515E+001  0.520772180894389E+000  0.750389727016248E+002  0.674205706758506E+001  0.172229166647726E+002  0.336896606425475E+003
  0.192817713541334E-001  0.746738165575071E+001  0.149598008314315E+003  0.598714334518104E+001 -0.570767555897419E+000  0.258547371715414E+001  0.513510605025566E+000  0.749775424535450E+002  0.745242736290804E+001  0.172732873477421E+002  0.336097525716172E+003
  0.195268860212532E-001  0.746737605646588E+001  0.157473622795984E+003  0.674114411528888E+001 -0.456421116673710E+000  0.258998961290400E+001  0.513287822572563E+000  0.749475552199526E+002  0.629325033089470E+001  0.170688971966649E+002  0.336403154659664E+003
  0.188748823817537E-001  0.746737225178599E+001  0.140298734834827E+003  0.546363463992839E+001 -0.241945871931989E+000  0.258017090775707E+001  0.506344494148484E+000  0.750220804182736E+002  0.661812644389909E+001  0.168902728240163E+002  0.337295122907563E+003
  0.189132242668734E-001  0.746737242876042E+001  0.137769741147858E+003  0.518828994780222E+001 -0.423772769070752E+000  0.257872828146448E+001  0.497362272075829E+000  0.749982660612812E+002  0.715088152738425E+001  0.170196127168210E+002  0.337833711267453E+003
  0.163318078128411E-001  0.746737256199977E+001  0.108485525672921E+003  0.316438899073444E+001 -0.231112962159955E+000  0.256199734975203E+001  0.506961775606084E+000  0.749864659713462E+002  0.698777756979358E+001  0.169927043498529E+002  0.337193328430490E+003
  0.203627007361328E-001  0.746737928787671E+001  0.123139058769809E+003  0.384526218460701E+001 -0.833916529032194E+000  0.257036548768257E+001  0.510297538262142E+000  0.750399844584921E+002  0.696234900100179E+001  0.171333844447793E+002  0.336183747624532E+003
  0.178774998306212E-001  0.746737831546175E+001  0.135942543356433E+003  0.482813268524637E+001 -0.800030275087011E+000  0.257767963843202E+001  0.513325989511648E+000  0.748766180755033E+002  0.642047235592126E+001  0.169660199759432E+002  0.337416030357395E+003
  0.173598296868075E-001  0.746737610017225E+001  0.120670922190827E+003  0.380740009299598E+001 -0.713593697971987E+000  0.256895031507675E+001  0.508815062016706E+000  0.750616844932587E+002  0.622849423997050E+001  0.170113762887821E+002  0.336332947037314E+003
  0.188825681833613E-001  0.746737776884614E+001  0.113373736962313E+003  0.329770013787595E+001 -0.641936824690561E+000  0.256478568320994E+001  0.510791209560674E+000  0.749500286819793E+002  0.624043354237194E+001  0.168332228111385E+002  0.336234298183162E+003
  0.195825745469211E-001  0.746738319930215E+001  0.135945767570687E+003  0.479293264598925E+001 -0.694731436277834E+000  0.257767899925627E+001  0.521858965215827E+000  0.749321975712648E+002  0.640463289956717E+001  0.171086230829789E+002  0.337477671621486E+003
  0.194807911783541E-001  0.746738446550543E+001  0.837906259594174E+002  0.135474855067469E+001 -0.135624340938546E+001  0.254786745229724E+001  0.523487843653935E+000  0.749306926401970E+002  0.620013000640797E+001  0.171904536614421E+002  0.337775506709629E+003
  0.179588678676024E-001  0.746737706509770E+001  0.119455102187880E+003  0.367509866304556E+001 -0.518443725168595E+000  0.256827737597644E+001  0.505900623225940E+000  0.748861958203207E+002  0.670213028683743E+001  0.171392007111746E+002  0.336111786910382E+003
  0.188689263722366E-001  0.746738463099688E+001  0.106713704070193E+003  0.265383303730562E+001 -0.114776755018602E+001  0.256096859408668E+001  0.522461702561854E+000  0.749153892570642E+002  0.630938064204550E+001  0.170700793535970E+002  0.338409019826537E+003
  0.179286711469637E-001  0.746737500198481E+001  0.112807771287164E+003  0.326512868055624E+001 -0.701457450967496E+000  0.256446512872028E+001  0.507378028943412E+000  0.750170517274790E+002  0.703159528689237E+001  0.169109179772392E+002  0.339610461752458E+003
  0.188294828275870E-001  0.746737497983337E+001  0.120656268712192E+003  0.385353795957326E+001 -0.314010593004127E+000  0.256895704410735E+001  0.510992080925561E+000  0.749919026440504E+002  0.604318218216805E+001  0.169619467873508E+002  0.336945183705171E+003
  0.160519750172487E-001  0.746736696596199E+001  0.101349094836501E+003  0.292456287833920E+001  0.342316253817216E+000  0.255794111585411E+001  0.497263658182709E+000  0.749702778876520E+002  0.682543254364106E+001  0.168673643332616E+002  0.336281221681811E+003
  0.183068617877247E-001  0.746738729478213E+001  0.977862943030168E+002  0.202732982741713E+001 -0.171046047388677E+001  0.255584279110460E+001  0.528504405624961E+000  0.749496821968019E+002  0.637518676104433E+001  0.170568581273462E+002  0.337778764863526E+003
  0.181043443585468E-001  0.746738620090249E+001  0.571065362880518E+002  0.252929777202894E+000 -0.139375188890540E+001  0.253261853527451E+001  0.533008290989349E+000  0.749246478920816E+002  0.632091738513997E+001  0.169605145314858E+002  0.337659236008597E+003
  0.197578257155570E-001  0.746738538028737E+001  0.300018661211809E+002 -0.430878722913917E+000 -0.166264870998771E+001  0.251711747242392E+001  0.523350320548803E+000  0.750733413515246E+002  0.716015788645609E+001  0.171010141638080E+002  0.337005378047131E+003
  0.177953951217003E-001  0.746737725833206E+001  0.597233072184029E+002  0.660176449746245E+000 -0.456217656628610E+000  0.253413572955613E+001  0.512383466427701E+000  0.750133699333928E+002  0.643102277632213E+001  0.170641509532754E+002  0.337225085389379E+003
  0.177891921360553E-001  0.746737121582014E+001  0.546838752991869E+002  0.529693374292151E+000 -0.764249924453452E+000  0.253125827942141E+001  0.496979239301005E+000  0.749690411053637E+002  0.822598587501354E+001  0.168554046388369E+002  0.336303468770599E+003
  0.189243325748633E-001  0.746738383462501E+001  0.632291179613771E+002  0.699911255311008E+000 -0.902272805549387E+000  0.253611214908163E+001  0.522054877751982E+000  0.750397555566107E+002  0.707683617049947E+001  0.171792292157730E+002  0.336109716161678E+003
  0.182476417746842E-001  0.746738840689047E+001  0.342611156930961E+002 -0.392520919104300E+000 -0.174214525655270E+001  0.251954902866446E+001  0.536762055247692E+000  0.749771032812790E+002  0.568667901445970E+001  0.169827390476778E+002  0.336536815650119E+003
  0.198013384438871E-001  0.746737643852373E+001  0.517528660739506E+002  0.417424933740790E+000 -0.890030205680659E+000  0.252956416460963E+001  0.507196015687607E+000  0.749583306502667E+002  0.788087836786300E+001  0.171012476306981E+002  0.337100487657745E+003
  0.169563171480606E-001  0.746737734870289E+001  0.677283297480640E+002  0.878766977813143E+000 -0.973797276835057E+000  0.253869660351793E+001  0.510299156229261E+000  0.749879267005689E+002  0.750400152837820E+001  0.170920837314152E+002  0.339135538829291E+003
  0.169253492985276E-001  0.746736797884015E+001  0.410098134212108E+002  0.445670057551069E+000  0.105753209173827E-001  0.252344720284911E+001  0.496498622404881E+000  0.750430248573616E+002  0.762310036624298E+001  0.170301232699501E+002  0.336270010546715E+003
  0.163985282794129E-001  0.746737287665909E+001  0.407177073592827E+002  0.315536199180656E+000  0.327566421680103E-001  0.252328485832163E+001  0.503791760175335E+000  0.749338232990391E+002  0.643552446202666E+001  0.170199126241406E+002  0.336535101773097E+003
  0.182629657329166E-001  0.746736678815310E+001  0.509073094364094E+002  0.633246146870306E+000 -0.290210725988686E+000  0.252909877491099E+001  0.496570644602935E+000  0.750495505122278E+002  0.811071472659075E+001  0.168256155935317E+002  0.336230537125438E+003
  0.179805837030997E-001  0.746736633636579E+001  0.115768206953091E+003  0.373320422700817E+001 -0.583799295501422E-001  0.256617685151485E+001  0.486419099419291E+000  0.749983993079291E+002  0.881009992688182E+001  0.169534577721749E+002  0.336416606882917E+003
  0.191304712407944E-001  0.746738258267703E+001  0.450852615264555E+002  0.137035054204034E+000 -0.972732464440583E+000  0.252574707864100E+001  0.522170725363142E+000  0.750453916235486E+002  0.664522068598071E+001  0.170894511601123E+002  0.337183341729988E+003
  0.188609224276509E-001  0.746737385572193E+001  0.739956709906910E+002  0.119845796866434E+001 -0.721507522601996E+000  0.254229135676236E+001  0.512644671567882E+000  0.749713173180027E+002  0.636380829226873E+001  0.167454884291046E+002  0.336843505869140E+003
  0.195239020050740E-001  0.746736724738087E+001  0.131118809488851E+002 -0.743854977483807E-001 -0.137393890117892E-001  0.250752425141664E+001  0.489055666156854E+000  0.748782139244492E+002  0.708256675079440E+001  0.169440542510456E+002  0.336222279187000E+003
  0.181417567055193E-001  0.746737439946484E+001  0.609031560498224E+002  0.840489264081384E+000 -0.594896286967696E+000  0.253479138228674E+001  0.505264365257637E+000  0.749616913099722E+002  0.678937719621726E+001  0.169967902309828E+002  0.338197202063431E+003
  0.186147308265067E-001  0.746737534677070E+001  0.464157374781882E+002  0.281310368905679E+000 -0.916080838998710E+000  0.252651355680735E+001  0.507153391223015E+000  0.750413285453499E+002  0.725308950837633E+001  0.169007076796680E+002  0.338419685723355E+003
  0.169607080313032E-001  0.746737224458116E+001  0.456285329864077E+002  0.396607725087620E+000 -0.337348661430497E+000  0.252607549211065E+001  0.496272632432000E+000  0.750625250560586E+002  0.812605887884489E+001  0.170194688793804E+002  0.337473243172143E+003
  0.178023840848108E-001  0.746737301315899E+001  0.753455454331140E+002  0.132623579686015E+001 -0.365498281967575E+000  0.254307068853535E+001  0.495450317053054E+000  0.749820703931986E+002  0.792039967925940E+001  0.172206820484417E+002  0.336297019381932E+003
  0.170428677630712E-001  0.746736964096188E+001  0.617170964516515E+002  0.107399457064241E+001  0.472882813243132E-001  0.253527108325419E+001  0.497297256406890E+000  0.749810297300369E+002  0.711716459253234E+001  0.169665436820589E+002  0.337771129797533E+003
  0.184716019248338E-001  0.746737969837341E+001  0.657438224028949E+002  0.736527441885528E+000 -0.120843335921541E+001  0.253755920718831E+001  0.514144922392257E+000  0.749379584991464E+002  0.659508625298293E+001  0.170458391807265E+002  0.336775511500193E+003
  0.191267028439333E-001  0.746737969289115E+001  0.472927691778557E+002  0.120005707832547E+000 -0.124016789550797E+001  0.252700971535614E+001  0.515848736421036E+000  0.750903905915191E+002  0.653356100005056E+001  0.170130730252195E+002  0.337146244502724E+003
  0.179883465416163E-001  0.746736218822720E+001  0.918906071769886E+002  0.254816913885008E+001  0.319154193292547E+000  0.255252323863582E+001  0.483771961753427E+000  0.749626812152795E+002  0.785482789804816E+001  0.168508365774362E+002  0.336174796647249E+003
  0.175045479417070E-001  0.746737032232881E+001  0.320060171324669E+002  0.152364857550310E+000 -0.299566982083775E+000  0.251828979956055E+001  0.502924918650300E+000  0.749818989676480E+002  0.693854561474211E+001  0.167368644156315E+002  0.337637078399714E+003
  0.191115186683488E-001  0.746737312721021E+001  0.692767193226373E+002  0.115107373886849E+001 -0.512316599629685E+000  0.253958222597170E+001  0.503597647564289E+000  0.750202766900134E+002  0.766565278802575E+001  0.169927893706599E+002  0.339440799594341E+003
  0.185420431018796E-001  0.746737687887275E+001  0.488541468193741E+002  0.343776081110491E+000 -0.720534091157788E+000  0.252791531859394E+001  0.509510048400811E+000  0.749582513642422E+002  0.683007031146854E+001  0.168515342695594E+002  0.338006681900880E+003
  0.188949504937766E-001  0.746736362126851E+001  0.115895227022490E+003  0.383614563192180E+001  0.163781153117043E+000  0.256625408258218E+001  0.487430635205120E+000  0.749623720309074E+002  0.811395066133206E+001  0.168302922146539E+002  0.336686327670708E+003
  0.171807944959204E-001  0.746736931498119E+001  0.422846166558572E+002  0.308701794218905E+000  0.591135064354376E-001  0.252420257871152E+001  0.495441197459339E+000  0.748851269185455E+002  0.734376874702903E+001  0.168934112643881E+002  0.336677007456399E+003
  0.191089822911644E-001  0.746738639587099E+001  0.233708437758397E+002 -0.574997205533123E+000 -0.184960422118502E+001  0.251331915326835E+001  0.529825668027884E+000  0.750433627040310E+002  0.637858382028172E+001  0.170574586036041E+002  0.337357342635232E+003
  0.185301200991500E-001  0.746736921376837E+001  0.336392327309832E+002  0.278993666874840E+000  0.116257972013273E+000  0.251924009181118E+001  0.494267098892926E+000  0.749890383925574E+002  0.731057463012867E+001  0.168071112039323E+002  0.338080330790538E+003
  0.191608473287443E-001  0.746737011864610E+001  0.424799967555564E+002  0.354212774784855E+000 -0.260524831344696E+000  0.252427987682273E+001  0.501481672334705E+000  0.749859936319104E+002  0.784527468748021E+001  0.169761379653028E+002  0.336768012063973E+003
  0.173564367137284E-001  0.746737379147312E+001  0.577564015492669E+002  0.695380737401251E+000 -0.455531559023825E+000  0.253300934187690E+001  0.502928882267446E+000  0.750559487100968E+002  0.745726721930955E+001  0.170097901128905E+002  0.339222907833592E+003
  0.184114091865205E-001  0.746737424454795E+001  0.908271713248630E+002  0.213370862097179E+001 -0.461729743383216E+000  0.255189175559119E+001  0.507590203995549E+000  0.749474777816344E+002  0.732777899065807E+001  0.168620503410155E+002  0.336767706185313E+003
  0.206455580340307E-001  0.746737183813362E+001  0.586302511692404E+002  0.802049089936304E+000 -0.352574858520029E+000  0.253351178475137E+001  0.503904769441176E+000  0.749431432606109E+002  0.687931085723855E+001  0.169491073261841E+002  0.336562025963741E+003
  0.189416407769452E-001  0.746737164998815E+001  0.665877785378354E+002  0.979101135600217E+000 -0.355292228162057E+000  0.253807656856298E+001  0.506072686387745E+000  0.748967524823385E+002  0.649835336510953E+001  0.168583223719733E+002  0.336698035322644E+003
  0.181594046521268E-001  0.746737942916611E+001  0.323097468332153E+002 -0.184054214048274E+000 -0.112737472654601E+001  0.251844889192503E+001  0.523567179621761E+000  0.749711817877614E+002  0.629612906918976E+001  0.169126474508764E+002  0.337485115943763E+003
  0.194758858552029E-001  0.746737921468747E+001 -0.210722071511032E+001 -0.408187442816370E+000 -0.678342740175935E+000  0.249879907171210E+001  0.523505660955222E+000  0.749701703314009E+002  0.582840342636764E+001  0.168362129142570E+002  0.336538520968122E+003
  0.187116501440251E-001  0.746738553299055E+001  0.417128416003022E+002 -0.185623232929061E+000 -0.157456909486882E+001  0.252381116411277E+001  0.520441270464016E+000  0.750589890896050E+002  0.680548506175326E+001  0.171288723961471E+002  0.337632776899339E+003
  0.186455238191716E-001  0.746737394205967E+001  0.109929249073178E+003  0.312508065333225E+001 -0.603156338610802E+000  0.256282494455631E+001  0.500818835655456E+000  0.750324885336902E+002  0.762312756358621E+001  0.170587847322579E+002  0.337859295506624E+003
  0.174074202311143E-001  0.746737133320684E+001  0.695185835244768E+002  0.117998556359612E+001 -0.282433508090776E+000  0.253974277486652E+001  0.494575355760067E+000  0.749740162284746E+002  0.705656921539194E+001  0.170223245543501E+002  0.336950751751158E+003
  0.172914797895018E-001  0.746737052117381E+001  0.797385244821814E+002  0.168169622350729E+001 -0.282357726402097E+000  0.254556715228192E+001  0.498330180988604E+000  0.750176461488402E+002  0.809408497725083E+001  0.169103209296861E+002  0.339236931338321E+003
  0.192869430608442E-001  0.746736002708592E+001  0.591342400432181E+002  0.124720887656781E+001  0.714583077868724E+000  0.253382029152931E+001  0.478489900773382E+000  0.749650051629902E+002  0.779778993785339E+001  0.169206371767976E+002  0.336275082741375E+003
  0.191918486753156E-001  0.746737858946319E+001  0.498323659982459E+002  0.208184617438860E+000 -0.899482487027399E+000  0.252848242382856E+001  0.516889802158977E+000  0.749889770296347E+002  0.713033681167410E+001  0.169128783012660E+002  0.337812189353158E+003
  0.168375074305420E-001  0.746737812668766E+001  0.433680298249542E+002  0.999092780673436E-001 -0.972780126915609E+000  0.252477451957954E+001  0.517596140734126E+000  0.749305701500417E+002  0.639213824959884E+001  0.169058455412070E+002  0.338319461958708E+003
  0.196523167210902E-001  0.746737402271159E+001  0.824667384882205E+002  0.168602549772561E+001 -0.659815265070847E+000  0.254711425925109E+001  0.510203339085366E+000  0.750148490284726E+002  0.640996043548793E+001  0.168972404248865E+002  0.337472707865207E+003
  0.192181058747095E-001  0.746737666317227E+001  0.262792005374101E+002 -0.117893147045038E+000 -0.472833459015419E+000  0.251501740784586E+001  0.508226533695035E+000  0.750079046984942E+002  0.758011252485417E+001  0.170059950667168E+002  0.338392557749688E+003
  0.167480097774895E-001  0.746737301266763E+001  0.932563769553929E+002  0.229609038534375E+001 -0.261661208022019E+000  0.255329592514144E+001  0.508638368963088E+000  0.749351138837519E+002  0.759021670020600E+001  0.169242089202146E+002  0.336179495903044E+003
  0.185598094531477E-001  0.746738051518799E+001  0.817977687373298E+002  0.134069503813737E+001 -0.133085876977032E+001  0.254672702920318E+001  0.515509855940620E+000  0.749186638402774E+002  0.745008793170697E+001  0.171317028084901E+002  0.336973977669015E+003
  0.192805527626956E-001  0.746735899548191E+001  0.821980226333021E+002  0.216847918155122E+001  0.926443050137209E+000  0.254701477307777E+001  0.477149171549822E+000  0.749809276577091E+002  0.768622525394152E+001  0.168022049173274E+002  0.337024608446067E+003
  0.191018685367335E-001  0.746737024093805E+001  0.578608151252445E+002  0.675486192231801E+000 -0.400617017689910E+000  0.253308739206914E+001  0.493340855233714E+000  0.749420159410951E+002  0.913726479960538E+001  0.170034378377115E+002  0.336368726998614E+003
  0.198091530709235E-001  0.746738286268278E+001  0.155954662663457E+002 -0.448492580807965E+000 -0.940856830360985E+000  0.250890673902027E+001  0.520925840838406E+000  0.748972722905501E+002  0.628218740367992E+001  0.170726577948411E+002  0.338205778168892E+003
  0.183457114189517E-001  0.746736630383243E+001  0.486884817808696E+002  0.730270857359528E+000  0.230659680659869E+000  0.252783440535904E+001  0.493541558716940E+000  0.749063666584182E+002  0.787159798729807E+001  0.168602335523100E+002  0.336138040527166E+003
  0.194449706093071E-001  0.746736643511118E+001  0.557600851640902E+002  0.800292662126481E+000 -0.235344230170199E+000  0.253187582022186E+001  0.489955774338069E+000  0.750163391451917E+002  0.687852046008427E+001  0.168887629647362E+002  0.336379274292242E+003
  0.182891004671976E-001  0.746737634039899E+001  0.103098212907961E+003  0.266530046542914E+001 -0.643209035202176E+000  0.255891409356302E+001  0.503507116788555E+000  0.750214399164132E+002  0.730918504945602E+001  0.171493942709097E+002  0.338670238830902E+003
  0.183007729330850E-001  0.746737865250130E+001  0.406075998211818E+002  0.149863930085871E+000 -0.727405234979528E+000  0.252318648391700E+001  0.511485381342761E+000  0.750844694780577E+002  0.749201209984445E+001  0.171380048570592E+002  0.336657190330282E+003
  0.191848726722487E-001  0.746737113993102E+001  0.410870633705997E+002  0.332029312959207E+000 -0.421298115214540E+000  0.252347897005189E+001  0.500589571614132E+000  0.750323957225873E+002  0.751218271559912E+001  0.169108978950551E+002  0.338205902084680E+003
  0.181504730557250E-001  0.746737126624220E+001  0.439481535074410E+002  0.366646085746538E+000 -0.453572001678822E+000  0.252510863027614E+001  0.496320155438349E+000  0.750035114268941E+002  0.690609240799317E+001  0.170565538828835E+002  0.336577527598662E+003
  0.182915445883159E-001  0.746737200678154E+001  0.695629032503475E+002  0.115779556537143E+001 -0.271728506182058E+000  0.253977028577478E+001  0.505988548518147E+000  0.748900714656609E+002  0.758555039078437E+001  0.168807232953445E+002  0.336775802690395E+003
  0.193733807220233E-001  0.746738374768449E+001  0.402968483404879E+002 -0.129723954819383E+000 -0.136472955862132E+001  0.252300332411538E+001  0.515765215915104E+000  0.750273126127093E+002  0.731892987747108E+001  0.172710745922284E+002  0.337267326974681E+003
  0.173855014774678E-001  0.746738433732637E+001  0.722734125118866E+002  0.806517951936939E+000 -0.168590271338246E+001  0.254127344667495E+001  0.524638423194855E+000  0.749750850406879E+002  0.635654280268165E+001  0.171169196056692E+002  0.337455903670540E+003
  0.195028933372680E-001  0.746736223149039E+001  0.811422962964591E+002  0.193278277189154E+001  0.356353924888140E+000  0.254639858596746E+001  0.489509692895510E+000  0.749664434763542E+002  0.693328754819243E+001  0.166770133556016E+002  0.336332581969387E+003
  0.195365507457755E-001  0.746736602682309E+001  0.313733256127121E+002  0.210330482661675E+000  0.514962309532621E-001  0.251795026216759E+001  0.495816486353919E+000  0.750110427444600E+002  0.689847222777788E+001  0.169009336071463E+002  0.336164953873760E+003
  0.184314267074836E-001  0.746737987321405E+001  0.681515591112013E+002  0.760709885701885E+000 -0.118266580331533E+001  0.253893986077182E+001  0.511622750842486E+000  0.749865582976199E+002  0.645541678977161E+001  0.170789956774778E+002  0.337675195159976E+003
  0.184092761010035E-001  0.746737247842366E+001  0.420263477829096E+002  0.313953136917235E+000 -0.291784306719137E+000  0.252402310407233E+001  0.506717151113263E+000  0.748802378584762E+002  0.764229510227979E+001  0.168604499888971E+002  0.336514002173845E+003
  0.198233134065057E-001  0.746737562742211E+001  0.750489356672222E+002  0.120773273510770E+001 -0.661441551851567E+000  0.254289250955722E+001  0.510654945793597E+000  0.749999240531883E+002  0.730868602439381E+001  0.168465946003753E+002  0.337037173616256E+003
  0.184695841550670E-001  0.746737001931396E+001  0.715687704657544E+002  0.120756706197085E+001 -0.319298472752052E+000  0.254091342326088E+001  0.494828095251389E+000  0.749763637146833E+002  0.726128554332124E+001  0.168385173412199E+002  0.336357654659492E+003
  0.175189791733717E-001  0.746737317749990E+001  0.690836193688688E+002  0.112823305887605E+001 -0.401262539795425E+000  0.253947995391421E+001  0.501000245819862E+000  0.748832451276697E+002  0.658523781619692E+001  0.169989348552869E+002  0.336292455779078E+003
  0.181685030466620E-001  0.746737780368039E+001  0.824397435202454E+002  0.157471435011610E+001 -0.654692703401111E+000  0.254710275565919E+001  0.503518851883865E+000  0.749789064316154E+002  0.849995951903201E+001  0.172326150757183E+002  0.336154022215250E+003
  0.194344335951565E-001  0.746738318373947E+001  0.155976182930140E+002 -0.492674326153178E+000 -0.123132893811203E+001  0.250890050653760E+001  0.526357243315338E+000  0.749034745849203E+002  0.578087682022019E+001  0.170174007375674E+002  0.337058707632722E+003
  0.194890594460043E-001  0.746737531554839E+001  0.133666846334444E+002 -0.335062960945947E+000 -0.721356289251275E+000  0.250764391597773E+001  0.512527484271428E+000  0.750063585728478E+002  0.716907008672334E+001  0.169148109491694E+002  0.338108477988773E+003
  0.168587072186583E-001  0.746737489758777E+001  0.604151216241823E+002  0.769335958742886E+000 -0.698462875777750E+000  0.253451289555944E+001  0.507651338523832E+000  0.749938533129152E+002  0.751441883362963E+001  0.167946663189237E+002  0.336990567231756E+003
  0.185610445771654E-001  0.746737389785738E+001  0.713072798478640E+002  0.113611641148339E+001 -0.323173425237201E+000  0.254077209699008E+001  0.501273445724810E+000  0.749782423741666E+002  0.809628628685082E+001  0.171182933839585E+002  0.336822407276706E+003
  0.174821694691262E-001  0.746737993406536E+001  0.634428595665763E+002  0.547860353448982E+000 -0.140454132813318E+001  0.253624619502359E+001  0.517932877424674E+000  0.750146638539254E+002  0.677984734147584E+001  0.170208300634258E+002  0.336290648152225E+003
  0.197042999175888E-001  0.746736416539389E+001  0.667949329738233E+002  0.134810578362260E+001  0.259762310975475E+000  0.253819153607864E+001  0.490820333405936E+000  0.749722551614763E+002  0.706754409708912E+001  0.168761793814298E+002  0.336209712577236E+003
