  0.347411481642162E+000 -0.674714685270463E+003  0.191089822911644E-001  0.746738639587099E+001  0.233708437758397E+002 -0.574997205533123E+000 -0.184960422118502E+001  0.251331915326835E+001  0.529825668027884E+000  0.750433627040310E+002  0.637858382028172E+001  0.170574586036041E+002
  0.347411481642162E+000 -0.674536129741909E+003  0.196420341011468E-001  0.746737231781358E+001  0.323820748614428E+002  0.402141213271534E-003 -0.504759458657645E+000  0.251851977264253E+001  0.501563708135854E+000  0.750397021348332E+002  0.787945485219804E+001  0.169956811112724E+002
  0.347411481642162E+000 -0.673984653779125E+003  0.168295596885297E-001  0.746736545641897E+001  0.406176087161666E+002  0.470962016909198E+000  0.281632015413948E+000  0.252323968273842E+001  0.491943948737595E+000  0.749802676179653E+002  0.706916424134301E+001  0.169836847193345E+002
  0.347411481642162E+000 -0.673808794922603E+003  0.174322418345096E-001  0.746736841663562E+001  0.515848430281403E+002  0.674376201734731E+000 -0.211333692369408E+000  0.252947800069594E+001  0.492503937113073E+000  0.750217327158167E+002  0.703794028169323E+001  0.169519719366788E+002
  0.347411481642162E+000 -0.673092558146271E+003  0.198341257954800E-001  0.746738550113965E+001  0.488775763047254E+002 -0.402494368903490E-001 -0.146166910847717E+001  0.252791881718011E+001  0.521143591497213E+000  0.749048583167056E+002  0.652611143697206E+001  0.171470746923094E+002
  0.347411481642162E+000 -0.671029140137080E+003  0.191570782491334E-001  0.746737853907809E+001  0.104636704922562E+003  0.272191807160164E+001 -0.775745456707114E+000  0.255978585782299E+001  0.503864147414534E+000  0.750401366864736E+002  0.846609298335080E+001  0.172696703263721E+002
  0.347411481642162E+000 -0.671117345402149E+003  0.181405434971335E-001  0.746738790701573E+001  0.359121569367094E+002 -0.453467490178127E+000 -0.187898088997645E+001  0.252050123180734E+001  0.532784145870916E+000  0.748895066774774E+002  0.649739083755772E+001  0.171462030977410E+002
  0.347411481642162E+000 -0.667179917172834E+003  0.181702901110436E-001  0.746737844434755E+001  0.546497366137571E+002  0.522492092439620E+000 -0.369391443895552E+000  0.253124302471950E+001  0.512444562788739E+000  0.749800227030655E+002  0.627851521484776E+001  0.172575361052654E+002
  0.347411481642162E+000 -0.666134881782972E+003  0.182704632510902E-001  0.746737979045571E+001  0.574595035705638E+002  0.549566473505593E+000 -0.580777422891515E+000  0.253283814120924E+001  0.515738227622458E+000  0.750311394752003E+002  0.660414586058008E+001  0.173369479657220E+002
  0.347411481642162E+000 -0.671446768310808E+003  0.180520303938127E-001  0.746737413075634E+001  0.755558402135844E+002  0.141441404742352E+001 -0.210207230053697E+000  0.254319004796663E+001  0.497860446543741E+000  0.749362819889291E+002  0.790788076480339E+001  0.169544667361956E+002
  0.347411481642162E+000 -0.669379322332203E+003  0.206213947684453E-001  0.746736849890233E+001  0.693548265127051E+002  0.122095377732649E+001 -0.406753786580680E+000  0.253963285467503E+001  0.489288089165084E+000  0.750212472933176E+002  0.877721386079113E+001  0.170825853384982E+002
  0.347411481642162E+000 -0.671729341498705E+003  0.195403844736167E-001  0.746737913475425E+001  0.577686624325506E+002  0.586113899350153E+000 -0.114292433995968E+001  0.253297992918570E+001  0.514035074083211E+000  0.750163631789935E+002  0.656905621554972E+001  0.170258967943465E+002
  0.347411481642162E+000 -0.671846289409549E+003  0.192799051384450E-001  0.746736921733671E+001  0.724849045513217E+002  0.143861004608198E+001  0.622382682604439E-001  0.254143188897449E+001  0.488720130643487E+000  0.748941659828896E+002  0.795147207644989E+001  0.170657588984150E+002
  0.347411481642162E+000 -0.674750116240709E+003  0.188211095223112E-001  0.746736358672918E+001  0.410774154756359E+002  0.546554084646118E+000  0.267023507051476E+000  0.252349523616073E+001  0.490878356375717E+000  0.749244398606740E+002  0.729723794872251E+001  0.167746549892031E+002
  0.347411481642162E+000 -0.675271563934491E+003  0.204952296441004E-001  0.746737129440388E+001  0.101516174591888E+003  0.273486560253593E+001 -0.435041896202051E+000  0.255800862528530E+001  0.497384024434261E+000  0.749935699893427E+002  0.770519797083681E+001  0.169268359217632E+002
  0.347411481642162E+000 -0.676216955977546E+003  0.194890594460043E-001  0.746737531554839E+001  0.133666846334444E+002 -0.335062960945947E+000 -0.721356289251275E+000  0.250764391597773E+001  0.512527484271428E+000  0.750063585728478E+002  0.716907008672334E+001  0.169148109491694E+002
  0.347411481642162E+000 -0.676231332201700E+003  0.181438209136554E-001  0.746737188167704E+001  0.396389571309824E+002  0.282242969171307E+000 -0.369700451933113E+000  0.252264705020020E+001  0.498753062851477E+000  0.749635729903837E+002  0.731133710048175E+001  0.168481448186639E+002
  0.347411481642162E+000 -0.676394404126862E+003  0.181417567055193E-001  0.746737439946484E+001  0.609031560498224E+002  0.840489264081384E+000 -0.594896286967696E+000  0.253479138228674E+001  0.505264365257637E+000  0.749616913099722E+002  0.678937719621726E+001  0.169967902309828E+002
  0.347411481642162E+000 -0.676411556337785E+003  0.198091530709235E-001  0.746738286268278E+001  0.155954662663457E+002 -0.448492580807965E+000 -0.940856830360985E+000  0.250890673902027E+001  0.520925840838406E+000  0.748972722905501E+002  0.628218740367992E+001  0.170726577948411E+002
  0.347411481642162E+000 -0.676638923917416E+003  0.168375074305420E-001  0.746737812668766E+001  0.433680298249542E+002  0.999092780673436E-001 -0.972780126915609E+000  0.252477451957954E+001  0.517596140734126E+000  0.749305701500417E+002  0.639213824959884E+001  0.169058455412070E+002
  0.347411481642162E+000 -0.676785115499375E+003  0.192181058747095E-001  0.746737666317227E+001  0.262792005374101E+002 -0.117893147045038E+000 -0.472833459015419E+000  0.251501740784586E+001  0.508226533695035E+000  0.750079046984942E+002  0.758011252485417E+001  0.170059950667168E+002
  0.347411481642162E+000 -0.676839371446710E+003  0.186147308265067E-001  0.746737534677070E+001  0.464157374781882E+002  0.281310368905679E+000 -0.916080838998710E+000  0.252651355680735E+001  0.507153391223015E+000  0.750413285453499E+002  0.725308950837633E+001  0.169007076796680E+002
  0.347411481642162E+000 -0.677104721089274E+003  0.180308637659762E-001  0.746738147226809E+001  0.848770136300486E+002  0.147886900424601E+001 -0.116481751131448E+001  0.254849712675925E+001  0.513359717852192E+000  0.749230132396665E+002  0.771170496560535E+001  0.171474941413468E+002
  0.347411481642162E+000 -0.677340477661804E+003  0.182891004671976E-001  0.746737634039899E+001  0.103098212907961E+003  0.266530046542914E+001 -0.643209035202176E+000  0.255891409356302E+001  0.503507116788555E+000  0.750214399164132E+002  0.730918504945602E+001  0.171493942709097E+002
  0.347411481642162E+000 -0.677348339842316E+003  0.193413414069530E-001  0.746738514827490E+001  0.536227781413406E+002  0.182101265302322E+000 -0.148202571615559E+001  0.253061668052271E+001  0.527727191838423E+000  0.749781453635699E+002  0.684154442658162E+001  0.170607834045202E+002
  0.347411481642162E+000 -0.677476769621135E+003  0.190312249861415E-001  0.746737120600085E+001  0.521702343625495E+002  0.621237753937635E+000 -0.251127316583961E+000  0.252981911016686E+001  0.495441062162394E+000  0.750368011810793E+002  0.791251618105244E+001  0.168845738063658E+002
  0.347411481642162E+000 -0.678271077658582E+003  0.169563171480606E-001  0.746737734870289E+001  0.677283297480640E+002  0.878766977813143E+000 -0.973797276835057E+000  0.253869660351793E+001  0.510299156229261E+000  0.749879267005689E+002  0.750400152837820E+001  0.170920837314152E+002
  0.347411481642162E+000 -0.678445815667183E+003  0.173564367137284E-001  0.746737379147312E+001  0.577564015492669E+002  0.695380737401251E+000 -0.455531559023825E+000  0.253300934187690E+001  0.502928882267446E+000  0.750559487100968E+002  0.745726721930955E+001  0.170097901128905E+002
  0.347411481642162E+000 -0.678473862676643E+003  0.172914797895018E-001  0.746737052117381E+001  0.797385244821814E+002  0.168169622350729E+001 -0.282357726402097E+000  0.254556715228192E+001  0.498330180988604E+000  0.750176461488402E+002  0.809408497725083E+001  0.169103209296861E+002
  0.347411481642162E+000 -0.678881599188683E+003  0.191115186683488E-001  0.746737312721021E+001  0.692767193226373E+002  0.115107373886849E+001 -0.512316599629685E+000  0.253958222597170E+001  0.503597647564289E+000  0.750202766900134E+002  0.766565278802575E+001  0.169927893706599E+002
