  0.174089200002350E-001  0.746737916449610E+001  0.105945178731803E+003  0.269002819179627E+001 -0.104331647665526E+001  0.256053782674149E+001  0.510945856712951E+000  0.749485054397311E+002  0.623893188409800E+001  0.170284328449636E+002  0.336836454126853E+003
  0.176653006073813E-001  0.746738765493414E+001  0.135714501179754E+003  0.453330383841251E+001 -0.162797655163797E+001  0.257751792587605E+001  0.528224829512694E+000  0.750430607018952E+002  0.693493699533514E+001  0.171796795563457E+002  0.337309829141735E+003
  0.166471129713878E-001  0.746737577732524E+001  0.115736386416135E+003  0.354605677153222E+001 -0.345543499673681E+000  0.256613900933838E+001  0.514946973748918E+000  0.749936350015005E+002  0.608670105816807E+001  0.168350057918065E+002  0.336261722100963E+003
  0.197600864704347E-001  0.746737307530732E+001  0.142058054739480E+003  0.542510330251014E+001 -0.555280125517356E+000  0.258118128573336E+001  0.508394696373960E+000  0.749577708514975E+002  0.672238911678740E+001  0.167711481139175E+002  0.336593984498006E+003
  0.178921308615955E-001  0.746737502174959E+001  0.119803070117148E+003  0.382678552564846E+001 -0.194336287667056E+000  0.256847264226828E+001  0.509440077788596E+000  0.749986464210304E+002  0.706763216233765E+001  0.169517963643188E+002  0.338464891733250E+003
  0.192230239942044E-001  0.746737591495559E+001  0.133878757684083E+003  0.480903517069441E+001 -0.475074964628448E+000  0.257650265406102E+001  0.504435837818812E+000  0.750509494601427E+002  0.657398307932181E+001  0.169950164915826E+002  0.336730830535768E+003
  0.173747293599593E-001  0.746737187074092E+001  0.145364524317845E+003  0.581502256476347E+001 -0.107703522036672E+000  0.258307609819203E+001  0.496634320424304E+000  0.750116985293895E+002  0.694060511354882E+001  0.169978257721900E+002  0.336151900179427E+003
  0.170673787341115E-001  0.746737811234756E+001  0.130845842695769E+003  0.444015172768025E+001 -0.793012222714196E+000  0.257476435109489E+001  0.511230368443336E+000  0.749769044499861E+002  0.666324120444937E+001  0.171084293824727E+002  0.337841136242171E+003
  0.192923383315835E-001  0.746737361549010E+001  0.122387897119668E+003  0.404822402095226E+001 -0.139654525298283E+000  0.256995504062605E+001  0.511206085389710E+000  0.749153677400685E+002  0.673099146980837E+001  0.168955850985106E+002  0.336772471149438E+003
  0.181670473280795E-001  0.746738387813640E+001  0.126222223268649E+003  0.393310474680914E+001 -0.145506542692453E+001  0.257210220867542E+001  0.525328687413571E+000  0.750208377424519E+002  0.619925752434166E+001  0.170100900221124E+002  0.337587243532893E+003
  0.194002024994647E-001  0.746738644965799E+001  0.123907635201102E+003  0.367157034907507E+001 -0.131636461992071E+001  0.257079204241728E+001  0.531404353658420E+000  0.749425675496481E+002  0.615095943851843E+001  0.171696076340348E+002  0.336412412998139E+003
  0.198838365196303E-001  0.746737107503906E+001  0.100273726642011E+003  0.268037657618493E+001 -0.720211776763335E-002  0.255732638234443E+001  0.502612665991896E+000  0.749434649147413E+002  0.631085473977373E+001  0.169943519466922E+002  0.336476106112932E+003
  0.187368069913754E-001  0.746736679592121E+001  0.127000734907775E+003  0.470150108255086E+001  0.505385419015397E+000  0.257259041894897E+001  0.489066775309229E+000  0.750223623766028E+002  0.732987491813600E+001  0.169885565512693E+002  0.336146452225685E+003
  0.186340552614729E-001  0.746738312790500E+001  0.101757669022065E+003  0.245151683005520E+001 -0.112629796158194E+001  0.255812658497422E+001  0.522582729352685E+000  0.749966328209232E+002  0.641852379902193E+001  0.171571842435912E+002  0.338751777728054E+003
  0.169631274227985E-001  0.746736490246952E+001  0.112849824085198E+003  0.370065022857386E+001  0.490911038884633E+000  0.256451352997780E+001  0.491374656765698E+000  0.750139811272612E+002  0.667190768008603E+001  0.168012706701776E+002  0.336268372907637E+003
  0.193008045569983E-001  0.746737984494417E+001  0.152355089133137E+003  0.616876737227994E+001 -0.995905652597230E+000  0.258703531874260E+001  0.510707223476426E+000  0.750495041434880E+002  0.689024740451063E+001  0.170673678081978E+002  0.336707448750139E+003
  0.179966247810040E-001  0.746738595448416E+001  0.130845614299382E+003  0.420447917690001E+001 -0.146549012682488E+001  0.257474167135296E+001  0.527431905854595E+000  0.749963094649740E+002  0.628207432597691E+001  0.169880590431938E+002  0.337752714166128E+003
  0.192204700410554E-001  0.746737685817044E+001  0.129829232551822E+003  0.446876492750062E+001 -0.488216284709779E+000  0.257419382716621E+001  0.516286938396426E+000  0.749092508147134E+002  0.616952523827503E+001  0.167927886401360E+002  0.336415930225862E+003
  0.187234173069946E-001  0.746738575693234E+001  0.132185583814628E+003  0.432943892716912E+001 -0.150898277033411E+001  0.257550153155515E+001  0.520772180894389E+000  0.750389727016248E+002  0.674205706758506E+001  0.172229166647726E+002  0.336896606425475E+003
  0.192817713541334E-001  0.746738165575071E+001  0.149598008314315E+003  0.598714334518104E+001 -0.570767555897419E+000  0.258547371715414E+001  0.513510605025566E+000  0.749775424535450E+002  0.745242736290804E+001  0.172732873477421E+002  0.336097525716172E+003
  0.195268860212532E-001  0.746737605646588E+001  0.157473622795984E+003  0.674114411528888E+001 -0.456421116673710E+000  0.258998961290400E+001  0.513287822572563E+000  0.749475552199526E+002  0.629325033089470E+001  0.170688971966649E+002  0.336403154659664E+003
  0.188748823817537E-001  0.746737225178599E+001  0.140298734834827E+003  0.546363463992839E+001 -0.241945871931989E+000  0.258017090775707E+001  0.506344494148484E+000  0.750220804182736E+002  0.661812644389909E+001  0.168902728240163E+002  0.337295122907563E+003
  0.189132242668734E-001  0.746737242876042E+001  0.137769741147858E+003  0.518828994780222E+001 -0.423772769070752E+000  0.257872828146448E+001  0.497362272075829E+000  0.749982660612812E+002  0.715088152738425E+001  0.170196127168210E+002  0.337833711267453E+003
  0.163318078128411E-001  0.746737256199977E+001  0.108485525672921E+003  0.316438899073444E+001 -0.231112962159955E+000  0.256199734975203E+001  0.506961775606084E+000  0.749864659713462E+002  0.698777756979358E+001  0.169927043498529E+002  0.337193328430490E+003
  0.203627007361328E-001  0.746737928787671E+001  0.123139058769809E+003  0.384526218460701E+001 -0.833916529032194E+000  0.257036548768257E+001  0.510297538262142E+000  0.750399844584921E+002  0.696234900100179E+001  0.171333844447793E+002  0.336183747624532E+003
  0.178774998306212E-001  0.746737831546175E+001  0.135942543356433E+003  0.482813268524637E+001 -0.800030275087011E+000  0.257767963843202E+001  0.513325989511648E+000  0.748766180755033E+002  0.642047235592126E+001  0.169660199759432E+002  0.337416030357395E+003
  0.173598296868075E-001  0.746737610017225E+001  0.120670922190827E+003  0.380740009299598E+001 -0.713593697971987E+000  0.256895031507675E+001  0.508815062016706E+000  0.750616844932587E+002  0.622849423997050E+001  0.170113762887821E+002  0.336332947037314E+003
  0.188825681833613E-001  0.746737776884614E+001  0.113373736962313E+003  0.329770013787595E+001 -0.641936824690561E+000  0.256478568320994E+001  0.510791209560674E+000  0.749500286819793E+002  0.624043354237194E+001  0.168332228111385E+002  0.336234298183162E+003
  0.195825745469211E-001  0.746738319930215E+001  0.135945767570687E+003  0.479293264598925E+001 -0.694731436277834E+000  0.257767899925627E+001  0.521858965215827E+000  0.749321975712648E+002  0.640463289956717E+001  0.171086230829789E+002  0.337477671621486E+003
  0.194807911783541E-001  0.746738446550543E+001  0.837906259594174E+002  0.135474855067469E+001 -0.135624340938546E+001  0.254786745229724E+001  0.523487843653935E+000  0.749306926401970E+002  0.620013000640797E+001  0.171904536614421E+002  0.337775506709629E+003
  0.179588678676024E-001  0.746737706509770E+001  0.119455102187880E+003  0.367509866304556E+001 -0.518443725168595E+000  0.256827737597644E+001  0.505900623225940E+000  0.748861958203207E+002  0.670213028683743E+001  0.171392007111746E+002  0.336111786910382E+003
  0.188689263722366E-001  0.746738463099688E+001  0.106713704070193E+003  0.265383303730562E+001 -0.114776755018602E+001  0.256096859408668E+001  0.522461702561854E+000  0.749153892570642E+002  0.630938064204550E+001  0.170700793535970E+002  0.338409019826537E+003
  0.179286711469637E-001  0.746737500198481E+001  0.112807771287164E+003  0.326512868055624E+001 -0.701457450967496E+000  0.256446512872028E+001  0.507378028943412E+000  0.750170517274790E+002  0.703159528689237E+001  0.169109179772392E+002  0.339610461752458E+003
  0.188294828275870E-001  0.746737497983337E+001  0.120656268712192E+003  0.385353795957326E+001 -0.314010593004127E+000  0.256895704410735E+001  0.510992080925561E+000  0.749919026440504E+002  0.604318218216805E+001  0.169619467873508E+002  0.336945183705171E+003
  0.160519750172487E-001  0.746736696596199E+001  0.101349094836501E+003  0.292456287833920E+001  0.342316253817216E+000  0.255794111585411E+001  0.497263658182709E+000  0.749702778876520E+002  0.682543254364106E+001  0.168673643332616E+002  0.336281221681811E+003
  0.183068617877247E-001  0.746738729478213E+001  0.977862943030168E+002  0.202732982741713E+001 -0.171046047388677E+001  0.255584279110460E+001  0.528504405624961E+000  0.749496821968019E+002  0.637518676104433E+001  0.170568581273462E+002  0.337778764863526E+003
