  0.181043443585468E-001  0.746738620090249E+001  0.571065362880518E+002  0.252929777202894E+000 -0.139375188890540E+001  0.253261853527451E+001  0.533008290989349E+000  0.749246478920816E+002  0.632091738513997E+001  0.169605145314858E+002  0.337659236008597E+003
  0.197578257155570E-001  0.746738538028737E+001  0.300018661211809E+002 -0.430878722913917E+000 -0.166264870998771E+001  0.251711747242392E+001  0.523350320548803E+000  0.750733413515246E+002  0.716015788645609E+001  0.171010141638080E+002  0.337005378047131E+003
  0.177953951217003E-001  0.746737725833206E+001  0.597233072184029E+002  0.660176449746245E+000 -0.456217656628610E+000  0.253413572955613E+001  0.512383466427701E+000  0.750133699333928E+002  0.643102277632213E+001  0.170641509532754E+002  0.337225085389379E+003
  0.177891921360553E-001  0.746737121582014E+001  0.546838752991869E+002  0.529693374292151E+000 -0.764249924453452E+000  0.253125827942141E+001  0.496979239301005E+000  0.749690411053637E+002  0.822598587501354E+001  0.168554046388369E+002  0.336303468770599E+003
  0.189243325748633E-001  0.746738383462501E+001  0.632291179613771E+002  0.699911255311008E+000 -0.902272805549387E+000  0.253611214908163E+001  0.522054877751982E+000  0.750397555566107E+002  0.707683617049947E+001  0.171792292157730E+002  0.336109716161678E+003
  0.182476417746842E-001  0.746738840689047E+001  0.342611156930961E+002 -0.392520919104300E+000 -0.174214525655270E+001  0.251954902866446E+001  0.536762055247692E+000  0.749771032812790E+002  0.568667901445970E+001  0.169827390476778E+002  0.336536815650119E+003
  0.198013384438871E-001  0.746737643852373E+001  0.517528660739506E+002  0.417424933740790E+000 -0.890030205680659E+000  0.252956416460963E+001  0.507196015687607E+000  0.749583306502667E+002  0.788087836786300E+001  0.171012476306981E+002  0.337100487657745E+003
  0.169563171480606E-001  0.746737734870289E+001  0.677283297480640E+002  0.878766977813143E+000 -0.973797276835057E+000  0.253869660351793E+001  0.510299156229261E+000  0.749879267005689E+002  0.750400152837820E+001  0.170920837314152E+002  0.339135538829291E+003
  0.169253492985276E-001  0.746736797884015E+001  0.410098134212108E+002  0.445670057551069E+000  0.105753209173827E-001  0.252344720284911E+001  0.496498622404881E+000  0.750430248573616E+002  0.762310036624298E+001  0.170301232699501E+002  0.336270010546715E+003
  0.163985282794129E-001  0.746737287665909E+001  0.407177073592827E+002  0.315536199180656E+000  0.327566421680103E-001  0.252328485832163E+001  0.503791760175335E+000  0.749338232990391E+002  0.643552446202666E+001  0.170199126241406E+002  0.336535101773097E+003
  0.182629657329166E-001  0.746736678815310E+001  0.509073094364094E+002  0.633246146870306E+000 -0.290210725988686E+000  0.252909877491099E+001  0.496570644602935E+000  0.750495505122278E+002  0.811071472659075E+001  0.168256155935317E+002  0.336230537125438E+003
  0.179805837030997E-001  0.746736633636579E+001  0.115768206953091E+003  0.373320422700817E+001 -0.583799295501422E-001  0.256617685151485E+001  0.486419099419291E+000  0.749983993079291E+002  0.881009992688182E+001  0.169534577721749E+002  0.336416606882917E+003
  0.191304712407944E-001  0.746738258267703E+001  0.450852615264555E+002  0.137035054204034E+000 -0.972732464440583E+000  0.252574707864100E+001  0.522170725363142E+000  0.750453916235486E+002  0.664522068598071E+001  0.170894511601123E+002  0.337183341729988E+003
  0.188609224276509E-001  0.746737385572193E+001  0.739956709906910E+002  0.119845796866434E+001 -0.721507522601996E+000  0.254229135676236E+001  0.512644671567882E+000  0.749713173180027E+002  0.636380829226873E+001  0.167454884291046E+002  0.336843505869140E+003
  0.195239020050740E-001  0.746736724738087E+001  0.131118809488851E+002 -0.743854977483807E-001 -0.137393890117892E-001  0.250752425141664E+001  0.489055666156854E+000  0.748782139244492E+002  0.708256675079440E+001  0.169440542510456E+002  0.336222279187000E+003
  0.181417567055193E-001  0.746737439946484E+001  0.609031560498224E+002  0.840489264081384E+000 -0.594896286967696E+000  0.253479138228674E+001  0.505264365257637E+000  0.749616913099722E+002  0.678937719621726E+001  0.169967902309828E+002  0.338197202063431E+003
  0.186147308265067E-001  0.746737534677070E+001  0.464157374781882E+002  0.281310368905679E+000 -0.916080838998710E+000  0.252651355680735E+001  0.507153391223015E+000  0.750413285453499E+002  0.725308950837633E+001  0.169007076796680E+002  0.338419685723355E+003
  0.169607080313032E-001  0.746737224458116E+001  0.456285329864077E+002  0.396607725087620E+000 -0.337348661430497E+000  0.252607549211065E+001  0.496272632432000E+000  0.750625250560586E+002  0.812605887884489E+001  0.170194688793804E+002  0.337473243172143E+003
  0.178023840848108E-001  0.746737301315899E+001  0.753455454331140E+002  0.132623579686015E+001 -0.365498281967575E+000  0.254307068853535E+001  0.495450317053054E+000  0.749820703931986E+002  0.792039967925940E+001  0.172206820484417E+002  0.336297019381932E+003
  0.170428677630712E-001  0.746736964096188E+001  0.617170964516515E+002  0.107399457064241E+001  0.472882813243132E-001  0.253527108325419E+001  0.497297256406890E+000  0.749810297300369E+002  0.711716459253234E+001  0.169665436820589E+002  0.337771129797533E+003
  0.184716019248338E-001  0.746737969837341E+001  0.657438224028949E+002  0.736527441885528E+000 -0.120843335921541E+001  0.253755920718831E+001  0.514144922392257E+000  0.749379584991464E+002  0.659508625298293E+001  0.170458391807265E+002  0.336775511500193E+003
  0.191267028439333E-001  0.746737969289115E+001  0.472927691778557E+002  0.120005707832547E+000 -0.124016789550797E+001  0.252700971535614E+001  0.515848736421036E+000  0.750903905915191E+002  0.653356100005056E+001  0.170130730252195E+002  0.337146244502724E+003
  0.179883465416163E-001  0.746736218822720E+001  0.918906071769886E+002  0.254816913885008E+001  0.319154193292547E+000  0.255252323863582E+001  0.483771961753427E+000  0.749626812152795E+002  0.785482789804816E+001  0.168508365774362E+002  0.336174796647249E+003
  0.175045479417070E-001  0.746737032232881E+001  0.320060171324669E+002  0.152364857550310E+000 -0.299566982083775E+000  0.251828979956055E+001  0.502924918650300E+000  0.749818989676480E+002  0.693854561474211E+001  0.167368644156315E+002  0.337637078399714E+003
  0.191115186683488E-001  0.746737312721021E+001  0.692767193226373E+002  0.115107373886849E+001 -0.512316599629685E+000  0.253958222597170E+001  0.503597647564289E+000  0.750202766900134E+002  0.766565278802575E+001  0.169927893706599E+002  0.339440799594341E+003
  0.185420431018796E-001  0.746737687887275E+001  0.488541468193741E+002  0.343776081110491E+000 -0.720534091157788E+000  0.252791531859394E+001  0.509510048400811E+000  0.749582513642422E+002  0.683007031146854E+001  0.168515342695594E+002  0.338006681900880E+003
  0.188949504937766E-001  0.746736362126851E+001  0.115895227022490E+003  0.383614563192180E+001  0.163781153117043E+000  0.256625408258218E+001  0.487430635205120E+000  0.749623720309074E+002  0.811395066133206E+001  0.168302922146539E+002  0.336686327670708E+003
  0.171807944959204E-001  0.746736931498119E+001  0.422846166558572E+002  0.308701794218905E+000  0.591135064354376E-001  0.252420257871152E+001  0.495441197459339E+000  0.748851269185455E+002  0.734376874702903E+001  0.168934112643881E+002  0.336677007456399E+003
  0.191089822911644E-001  0.746738639587099E+001  0.233708437758397E+002 -0.574997205533123E+000 -0.184960422118502E+001  0.251331915326835E+001  0.529825668027884E+000  0.750433627040310E+002  0.637858382028172E+001  0.170574586036041E+002  0.337357342635232E+003
  0.185301200991500E-001  0.746736921376837E+001  0.336392327309832E+002  0.278993666874840E+000  0.116257972013273E+000  0.251924009181118E+001  0.494267098892926E+000  0.749890383925574E+002  0.731057463012867E+001  0.168071112039323E+002  0.338080330790538E+003
  0.191608473287443E-001  0.746737011864610E+001  0.424799967555564E+002  0.354212774784855E+000 -0.260524831344696E+000  0.252427987682273E+001  0.501481672334705E+000  0.749859936319104E+002  0.784527468748021E+001  0.169761379653028E+002  0.336768012063973E+003
  0.173564367137284E-001  0.746737379147312E+001  0.577564015492669E+002  0.695380737401251E+000 -0.455531559023825E+000  0.253300934187690E+001  0.502928882267446E+000  0.750559487100968E+002  0.745726721930955E+001  0.170097901128905E+002  0.339222907833592E+003
  0.184114091865205E-001  0.746737424454795E+001  0.908271713248630E+002  0.213370862097179E+001 -0.461729743383216E+000  0.255189175559119E+001  0.507590203995549E+000  0.749474777816344E+002  0.732777899065807E+001  0.168620503410155E+002  0.336767706185313E+003
  0.206455580340307E-001  0.746737183813362E+001  0.586302511692404E+002  0.802049089936304E+000 -0.352574858520029E+000  0.253351178475137E+001  0.503904769441176E+000  0.749431432606109E+002  0.687931085723855E+001  0.169491073261841E+002  0.336562025963741E+003
  0.189416407769452E-001  0.746737164998815E+001  0.665877785378354E+002  0.979101135600217E+000 -0.355292228162057E+000  0.253807656856298E+001  0.506072686387745E+000  0.748967524823385E+002  0.649835336510953E+001  0.168583223719733E+002  0.336698035322644E+003
  0.181594046521268E-001  0.746737942916611E+001  0.323097468332153E+002 -0.184054214048274E+000 -0.112737472654601E+001  0.251844889192503E+001  0.523567179621761E+000  0.749711817877614E+002  0.629612906918976E+001  0.169126474508764E+002  0.337485115943763E+003
  0.194758858552029E-001  0.746737921468747E+001 -0.210722071511032E+001 -0.408187442816370E+000 -0.678342740175935E+000  0.249879907171210E+001  0.523505660955222E+000  0.749701703314009E+002  0.582840342636764E+001  0.168362129142570E+002  0.336538520968122E+003
  0.187116501440251E-001  0.746738553299055E+001  0.417128416003022E+002 -0.185623232929061E+000 -0.157456909486882E+001  0.252381116411277E+001  0.520441270464016E+000  0.750589890896050E+002  0.680548506175326E+001  0.171288723961471E+002  0.337632776899339E+003
  0.186455238191716E-001  0.746737394205967E+001  0.109929249073178E+003  0.312508065333225E+001 -0.603156338610802E+000  0.256282494455631E+001  0.500818835655456E+000  0.750324885336902E+002  0.762312756358621E+001  0.170587847322579E+002  0.337859295506624E+003
  0.174074202311143E-001  0.746737133320684E+001  0.695185835244768E+002  0.117998556359612E+001 -0.282433508090776E+000  0.253974277486652E+001  0.494575355760067E+000  0.749740162284746E+002  0.705656921539194E+001  0.170223245543501E+002  0.336950751751158E+003
  0.172914797895018E-001  0.746737052117381E+001  0.797385244821814E+002  0.168169622350729E+001 -0.282357726402097E+000  0.254556715228192E+001  0.498330180988604E+000  0.750176461488402E+002  0.809408497725083E+001  0.169103209296861E+002  0.339236931338321E+003
  0.192869430608442E-001  0.746736002708592E+001  0.591342400432181E+002  0.124720887656781E+001  0.714583077868724E+000  0.253382029152931E+001  0.478489900773382E+000  0.749650051629902E+002  0.779778993785339E+001  0.169206371767976E+002  0.336275082741375E+003
  0.191918486753156E-001  0.746737858946319E+001  0.498323659982459E+002  0.208184617438860E+000 -0.899482487027399E+000  0.252848242382856E+001  0.516889802158977E+000  0.749889770296347E+002  0.713033681167410E+001  0.169128783012660E+002  0.337812189353158E+003
  0.168375074305420E-001  0.746737812668766E+001  0.433680298249542E+002  0.999092780673436E-001 -0.972780126915609E+000  0.252477451957954E+001  0.517596140734126E+000  0.749305701500417E+002  0.639213824959884E+001  0.169058455412070E+002  0.338319461958708E+003
  0.196523167210902E-001  0.746737402271159E+001  0.824667384882205E+002  0.168602549772561E+001 -0.659815265070847E+000  0.254711425925109E+001  0.510203339085366E+000  0.750148490284726E+002  0.640996043548793E+001  0.168972404248865E+002  0.337472707865207E+003
  0.192181058747095E-001  0.746737666317227E+001  0.262792005374101E+002 -0.117893147045038E+000 -0.472833459015419E+000  0.251501740784586E+001  0.508226533695035E+000  0.750079046984942E+002  0.758011252485417E+001  0.170059950667168E+002  0.338392557749688E+003
  0.167480097774895E-001  0.746737301266763E+001  0.932563769553929E+002  0.229609038534375E+001 -0.261661208022019E+000  0.255329592514144E+001  0.508638368963088E+000  0.749351138837519E+002  0.759021670020600E+001  0.169242089202146E+002  0.336179495903044E+003
  0.185598094531477E-001  0.746738051518799E+001  0.817977687373298E+002  0.134069503813737E+001 -0.133085876977032E+001  0.254672702920318E+001  0.515509855940620E+000  0.749186638402774E+002  0.745008793170697E+001  0.171317028084901E+002  0.336973977669015E+003
  0.192805527626956E-001  0.746735899548191E+001  0.821980226333021E+002  0.216847918155122E+001  0.926443050137209E+000  0.254701477307777E+001  0.477149171549822E+000  0.749809276577091E+002  0.768622525394152E+001  0.168022049173274E+002  0.337024608446067E+003
  0.191018685367335E-001  0.746737024093805E+001  0.578608151252445E+002  0.675486192231801E+000 -0.400617017689910E+000  0.253308739206914E+001  0.493340855233714E+000  0.749420159410951E+002  0.913726479960538E+001  0.170034378377115E+002  0.336368726998614E+003
  0.198091530709235E-001  0.746738286268278E+001  0.155954662663457E+002 -0.448492580807965E+000 -0.940856830360985E+000  0.250890673902027E+001  0.520925840838406E+000  0.748972722905501E+002  0.628218740367992E+001  0.170726577948411E+002  0.338205778168892E+003
  0.183457114189517E-001  0.746736630383243E+001  0.486884817808696E+002  0.730270857359528E+000  0.230659680659869E+000  0.252783440535904E+001  0.493541558716940E+000  0.749063666584182E+002  0.787159798729807E+001  0.168602335523100E+002  0.336138040527166E+003
  0.194449706093071E-001  0.746736643511118E+001  0.557600851640902E+002  0.800292662126481E+000 -0.235344230170199E+000  0.253187582022186E+001  0.489955774338069E+000  0.750163391451917E+002  0.687852046008427E+001  0.168887629647362E+002  0.336379274292242E+003
  0.182891004671976E-001  0.746737634039899E+001  0.103098212907961E+003  0.266530046542914E+001 -0.643209035202176E+000  0.255891409356302E+001  0.503507116788555E+000  0.750214399164132E+002  0.730918504945602E+001  0.171493942709097E+002  0.338670238830902E+003
  0.183007729330850E-001  0.746737865250130E+001  0.406075998211818E+002  0.149863930085871E+000 -0.727405234979528E+000  0.252318648391700E+001  0.511485381342761E+000  0.750844694780577E+002  0.749201209984445E+001  0.171380048570592E+002  0.336657190330282E+003
  0.191848726722487E-001  0.746737113993102E+001  0.410870633705997E+002  0.332029312959207E+000 -0.421298115214540E+000  0.252347897005189E+001  0.500589571614132E+000  0.750323957225873E+002  0.751218271559912E+001  0.169108978950551E+002  0.338205902084680E+003
  0.181504730557250E-001  0.746737126624220E+001  0.439481535074410E+002  0.366646085746538E+000 -0.453572001678822E+000  0.252510863027614E+001  0.496320155438349E+000  0.750035114268941E+002  0.690609240799317E+001  0.170565538828835E+002  0.336577527598662E+003
  0.182915445883159E-001  0.746737200678154E+001  0.695629032503475E+002  0.115779556537143E+001 -0.271728506182058E+000  0.253977028577478E+001  0.505988548518147E+000  0.748900714656609E+002  0.758555039078437E+001  0.168807232953445E+002  0.336775802690395E+003
  0.193733807220233E-001  0.746738374768449E+001  0.402968483404879E+002 -0.129723954819383E+000 -0.136472955862132E+001  0.252300332411538E+001  0.515765215915104E+000  0.750273126127093E+002  0.731892987747108E+001  0.172710745922284E+002  0.337267326974681E+003
  0.173855014774678E-001  0.746738433732637E+001  0.722734125118866E+002  0.806517951936939E+000 -0.168590271338246E+001  0.254127344667495E+001  0.524638423194855E+000  0.749750850406879E+002  0.635654280268165E+001  0.171169196056692E+002  0.337455903670540E+003
  0.195028933372680E-001  0.746736223149039E+001  0.811422962964591E+002  0.193278277189154E+001  0.356353924888140E+000  0.254639858596746E+001  0.489509692895510E+000  0.749664434763542E+002  0.693328754819243E+001  0.166770133556016E+002  0.336332581969387E+003
  0.195365507457755E-001  0.746736602682309E+001  0.313733256127121E+002  0.210330482661675E+000  0.514962309532621E-001  0.251795026216759E+001  0.495816486353919E+000  0.750110427444600E+002  0.689847222777788E+001  0.169009336071463E+002  0.336164953873760E+003
  0.184314267074836E-001  0.746737987321405E+001  0.681515591112013E+002  0.760709885701885E+000 -0.118266580331533E+001  0.253893986077182E+001  0.511622750842486E+000  0.749865582976199E+002  0.645541678977161E+001  0.170789956774778E+002  0.337675195159976E+003
  0.184092761010035E-001  0.746737247842366E+001  0.420263477829096E+002  0.313953136917235E+000 -0.291784306719137E+000  0.252402310407233E+001  0.506717151113263E+000  0.748802378584762E+002  0.764229510227979E+001  0.168604499888971E+002  0.336514002173845E+003
  0.198233134065057E-001  0.746737562742211E+001  0.750489356672222E+002  0.120773273510770E+001 -0.661441551851567E+000  0.254289250955722E+001  0.510654945793597E+000  0.749999240531883E+002  0.730868602439381E+001  0.168465946003753E+002  0.337037173616256E+003
  0.184695841550670E-001  0.746737001931396E+001  0.715687704657544E+002  0.120756706197085E+001 -0.319298472752052E+000  0.254091342326088E+001  0.494828095251389E+000  0.749763637146833E+002  0.726128554332124E+001  0.168385173412199E+002  0.336357654659492E+003
  0.175189791733717E-001  0.746737317749990E+001  0.690836193688688E+002  0.112823305887605E+001 -0.401262539795425E+000  0.253947995391421E+001  0.501000245819862E+000  0.748832451276697E+002  0.658523781619692E+001  0.169989348552869E+002  0.336292455779078E+003
  0.181685030466620E-001  0.746737780368039E+001  0.824397435202454E+002  0.157471435011610E+001 -0.654692703401111E+000  0.254710275565919E+001  0.503518851883865E+000  0.749789064316154E+002  0.849995951903201E+001  0.172326150757183E+002  0.336154022215250E+003
  0.194344335951565E-001  0.746738318373947E+001  0.155976182930140E+002 -0.492674326153178E+000 -0.123132893811203E+001  0.250890050653760E+001  0.526357243315338E+000  0.749034745849203E+002  0.578087682022019E+001  0.170174007375674E+002  0.337058707632722E+003
  0.194890594460043E-001  0.746737531554839E+001  0.133666846334444E+002 -0.335062960945947E+000 -0.721356289251275E+000  0.250764391597773E+001  0.512527484271428E+000  0.750063585728478E+002  0.716907008672334E+001  0.169148109491694E+002  0.338108477988773E+003
  0.168587072186583E-001  0.746737489758777E+001  0.604151216241823E+002  0.769335958742886E+000 -0.698462875777750E+000  0.253451289555944E+001  0.507651338523832E+000  0.749938533129152E+002  0.751441883362963E+001  0.167946663189237E+002  0.336990567231756E+003
  0.185610445771654E-001  0.746737389785738E+001  0.713072798478640E+002  0.113611641148339E+001 -0.323173425237201E+000  0.254077209699008E+001  0.501273445724810E+000  0.749782423741666E+002  0.809628628685082E+001  0.171182933839585E+002  0.336822407276706E+003
  0.174821694691262E-001  0.746737993406536E+001  0.634428595665763E+002  0.547860353448982E+000 -0.140454132813318E+001  0.253624619502359E+001  0.517932877424674E+000  0.750146638539254E+002  0.677984734147584E+001  0.170208300634258E+002  0.336290648152225E+003
  0.197042999175888E-001  0.746736416539389E+001  0.667949329738233E+002  0.134810578362260E+001  0.259762310975475E+000  0.253819153607864E+001  0.490820333405936E+000  0.749722551614763E+002  0.706754409708912E+001  0.168761793814298E+002  0.336209712577236E+003
