  0.176816983109069E-001  0.746736374404955E+001 -0.978861005088855E+002  0.289911793516410E+001  0.550885803500364E+000  0.244408946248473E+001  0.491066289056782E+000  0.749954127953463E+002  0.694284732064174E+001  0.167625834108017E+002  0.336372632539467E+003
  0.195398632031985E-001  0.746737114325078E+001 -0.177743490711634E+003  0.889791672156684E+001 -0.653896595516812E+000  0.239842711365863E+001  0.494502588866975E+000  0.749900830431029E+002  0.812467312445278E+001  0.170506879960684E+002  0.336324163561658E+003
  0.186473943505138E-001  0.746737110570142E+001 -0.112390926619967E+003  0.336279393203756E+001 -0.502615120463815E+000  0.243578940083863E+001  0.500593851271806E+000  0.748914947411785E+002  0.798075806560330E+001  0.168957628201498E+002  0.337579472785695E+003
  0.168979009356141E-001  0.746737227246475E+001 -0.132909167043024E+003  0.484739803047773E+001 -0.549153989067122E+000  0.242404830592724E+001  0.502654294200761E+000  0.749572767683917E+002  0.748339030811233E+001  0.169253053127841E+002  0.336856150631415E+003
  0.166249761117445E-001  0.746737604882260E+001 -0.101831543690761E+003  0.260840177782268E+001 -0.957894600452960E+000  0.244180036538599E+001  0.510150449887457E+000  0.750278473759086E+002  0.729885095555788E+001  0.169021009198852E+002  0.338608493984188E+003
  0.184853310428842E-001  0.746736524194410E+001 -0.131764434862269E+003  0.503040622387357E+001  0.283280800695820E+000  0.242473222295280E+001  0.491784481636160E+000  0.749685623125391E+002  0.764059012480141E+001  0.169165604175163E+002  0.337994247119895E+003
  0.191460830971597E-001  0.746737390321962E+001 -0.965701596703636E+002  0.235603073501102E+001 -0.399936494418967E+000  0.244483120512399E+001  0.506473782619156E+000  0.749377063020645E+002  0.791448331246244E+001  0.170040090756747E+002  0.336544833600447E+003
  0.194183638819680E-001  0.746737317016815E+001 -0.222571191061744E+003  0.139625969211947E+002 -0.942226199994366E+000  0.237281900313948E+001  0.505554940843906E+000  0.750187669954681E+002  0.734135563265986E+001  0.170275785721613E+002  0.336711472418665E+003
  0.180158003835926E-001  0.746736555025710E+001 -0.215139112651268E+003  0.132664424512438E+002 -0.215222734879944E+000  0.237708348320969E+001  0.489320379865144E+000  0.749505598720311E+002  0.841293957254434E+001  0.168632128704936E+002  0.336265762778445E+003
  0.164801298379765E-001  0.746737330847538E+001 -0.259981422110263E+003  0.190176817976353E+002 -0.153502381256999E+001  0.235144743004703E+001  0.502998867128450E+000  0.749408799160761E+002  0.706119145215395E+001  0.169737783183646E+002  0.336141459188939E+003
  0.189445983731394E-001  0.746738271439860E+001 -0.654143237811605E+002  0.795156837290619E+000 -0.964023386156214E+000  0.246260097753901E+001  0.520229274526801E+000  0.749239366026377E+002  0.706043030977766E+001  0.172062266852793E+002  0.336557005035899E+003
  0.194156418822700E-001  0.746737095909212E+001 -0.144448171472470E+003  0.584975165569369E+001 -0.464275386614872E+000  0.241745529895560E+001  0.491982748987909E+000  0.749987714772995E+002  0.862796534328709E+001  0.170951388483037E+002  0.336202085240015E+003
  0.159405173899300E-001  0.746737459930749E+001 -0.152236119544958E+003  0.637851922846221E+001 -0.669365618965799E+000  0.241300837918186E+001  0.506901481749589E+000  0.749270099560034E+002  0.714912966844491E+001  0.168916484666167E+002  0.336309548699964E+003
  0.191239904075525E-001  0.746737229125370E+001 -0.227050870929218E+003  0.145834933092226E+002 -0.831572225590321E+000  0.237026463865882E+001  0.502786130280033E+000  0.749841828117731E+002  0.760071574120519E+001  0.170678776957906E+002  0.336337496565173E+003
  0.179562201181594E-001  0.746737515857862E+001 -0.404372990873350E+002  0.233725406910253E+000 -0.233875950370020E+000  0.247690025579136E+001  0.507198709023198E+000  0.750049226497902E+002  0.795105503259868E+001  0.171387468970511E+002  0.336679244741655E+003
  0.182994886728539E-001  0.746738107497975E+001 -0.392188297662506E+002  0.130011138980990E-001 -0.869926531649980E+000  0.247757676848418E+001  0.511120063439378E+000  0.750208545999510E+002  0.759674237536543E+001  0.170952067666162E+002  0.338168397428440E+003
  0.204367226917030E-001  0.746737823407949E+001 -0.679302429070763E+002  0.852661558092109E+000 -0.783286270239387E+000  0.246119318828788E+001  0.512154407629787E+000  0.749800304139253E+002  0.676244969715807E+001  0.169450130105191E+002  0.337195632349193E+003
  0.189238490633365E-001  0.746737670500060E+001 -0.724467331093160E+001 -0.299671436369294E+000 -0.592080808293758E+000  0.249585006140711E+001  0.505909651654555E+000  0.750095790167906E+002  0.770681895790164E+001  0.170602631775140E+002  0.336549080573230E+003
  0.192552686756570E-001  0.746737314099940E+001 -0.225625049320160E+003  0.143627766545586E+002 -0.889490735206891E+000  0.237107469472365E+001  0.503891033702935E+000  0.750114732972542E+002  0.760748358261666E+001  0.170726716551474E+002  0.336403526498640E+003
  0.195686931361864E-001  0.746736899262927E+001 -0.224744177631386E+002  0.445615619966020E-001  0.140223275830976E+000  0.248718364618547E+001  0.498026212319072E+000  0.749995977499576E+002  0.859018804347316E+001  0.169748416027210E+002  0.336133141638474E+003
  0.170890203975991E-001  0.746737281691359E+001 -0.225491920542578E+003  0.143341900505490E+002 -0.779959570479718E+000  0.237116468518836E+001  0.499363568255576E+000  0.748936402018168E+002  0.733475582200863E+001  0.170549895819887E+002  0.336358059916888E+003
  0.190538769152250E-001  0.746737285751226E+001 -0.181208575416786E+003  0.919521472855411E+001 -0.423849746086034E+000  0.239646980517763E+001  0.498495037355724E+000  0.749407046933238E+002  0.861461510122193E+001  0.169903457839955E+002  0.336135252255003E+003
  0.189218994747141E-001  0.746738093341857E+001 -0.619898250136415E+002  0.726152399117154E+000 -0.947445084958645E+000  0.246454938913949E+001  0.517189403069316E+000  0.750103388358610E+002  0.696862894707670E+001  0.171775821816563E+002  0.336461071109530E+003
  0.194440136955632E-001  0.746737627920130E+001 -0.244082204210142E+003  0.166747523103752E+002 -0.135556900066729E+001  0.236053375770057E+001  0.509814628789349E+000  0.749088988417644E+002  0.692906453069405E+001  0.170531875160038E+002  0.336546247728759E+003
  0.182255253124198E-001  0.746737026917748E+001 -0.123308123443485E+003  0.419144650895475E+001 -0.550106410807985E+000  0.242953409089974E+001  0.495376854223731E+000  0.749767696155602E+002  0.813484300145575E+001  0.170713267377254E+002  0.336614474450123E+003
  0.183744903117413E-001  0.746737120058098E+001 -0.510051261374729E+002  0.610375823725690E+000  0.551183948680318E-001  0.247087344266705E+001  0.502293395579157E+000  0.749888085660638E+002  0.844379227866096E+001  0.169841349645040E+002  0.336181321625671E+003
  0.180900925026891E-001  0.746737100051695E+001 -0.102048996635787E+003  0.285222829074189E+001 -0.334600122382767E+000  0.244169056152580E+001  0.503533237603729E+000  0.749647762464983E+002  0.731747681468783E+001  0.168016074387536E+002  0.337576329709039E+003
  0.192314992135448E-001  0.746737088242909E+001 -0.222911057191736E+003  0.140660922484412E+002 -0.746809157832558E+000  0.237263142105912E+001  0.500349632383621E+000  0.750133588443229E+002  0.758598722285898E+001  0.170172459315182E+002  0.336960374116182E+003
  0.194749484407887E-001  0.746736938327051E+001 -0.416927219802485E+002  0.417945502794623E+000  0.116196059536151E+000  0.247619729048846E+001  0.499466385864856E+000  0.750005519257926E+002  0.837077659978192E+001  0.170048583594919E+002  0.336350473319737E+003
  0.179746731742443E-001  0.746736187852392E+001 -0.844931627922670E+002  0.220442278030703E+001  0.612051699015751E+000  0.245174617815786E+001  0.487318932744787E+000  0.749836670497584E+002  0.712183144687785E+001  0.167569399418084E+002  0.336604259377369E+003
  0.196359916910102E-001  0.746737324332658E+001 -0.160493492898249E+003  0.714226302227178E+001 -0.478742634021955E+000  0.240830104391451E+001  0.497693526136854E+000  0.749565512754698E+002  0.865818402788960E+001  0.170254943725015E+002  0.336864403797064E+003
  0.193589139857772E-001  0.746736886837039E+001 -0.180302271076357E+003  0.926592191534633E+001  0.856024292654638E-001  0.239699854379448E+001  0.494506070903346E+000  0.749383611972209E+002  0.801814712926734E+001  0.169706855326748E+002  0.336302173008556E+003
  0.191055468699011E-001  0.746737414330205E+001 -0.104379388096008E+003  0.278945025159999E+001 -0.716194213142785E+000  0.244036192392507E+001  0.506166022639491E+000  0.749496244927830E+002  0.716071238156041E+001  0.168925331142255E+002  0.339197038587436E+003
  0.186203746273004E-001  0.746737029426251E+001 -0.153838419115591E+003  0.660190196909195E+001 -0.525055948600766E+000  0.241209540318502E+001  0.496590467301712E+000  0.749601807613694E+002  0.791601917851071E+001  0.170021027968724E+002  0.338079156184010E+003
  0.195056857702667E-001  0.746738185340738E+001 -0.608553621841436E+002  0.499836285473521E+000 -0.937574391704970E+000  0.246523581999219E+001  0.520114386505360E+000  0.748882716343676E+002  0.662547800109589E+001  0.169779275411387E+002  0.336586104089283E+003
  0.181185384262078E-001  0.746736500913465E+001 -0.100619059263308E+003  0.301160521877739E+001  0.454294747653080E+000  0.244252725655519E+001  0.494315074914908E+000  0.749874944455955E+002  0.695305796706759E+001  0.167443911972140E+002  0.336550980487291E+003
  0.189191394791612E-001  0.746737264597588E+001 -0.164645238453207E+003  0.755402133567623E+001 -0.511083972193092E+000  0.240592294511679E+001  0.503084795520194E+000  0.750087160816334E+002  0.790550478171070E+001  0.168781181454712E+002  0.337887408736418E+003
  0.202884784078662E-001  0.746737239577908E+001 -0.337462276528396E+002  0.307996626343083E-001 -0.401445545305023E+000  0.248072879557761E+001  0.502195828626416E+000  0.749784905713809E+002  0.716507753894143E+001  0.168571030135905E+002  0.336581594500738E+003
  0.193599319154822E-001  0.746737829491258E+001 -0.246794451075828E+003  0.169723496192662E+002 -0.158231290134927E+001  0.235897919138228E+001  0.511888371508811E+000  0.749018357993160E+002  0.698715118225521E+001  0.170482773439594E+002  0.336623680104932E+003
  0.189920367460326E-001  0.746737584697015E+001 -0.244019647056715E+003  0.166472850416375E+002 -0.136747572536285E+001  0.236057085878701E+001  0.508813993981249E+000  0.748996420178106E+002  0.701976161038756E+001  0.170372526801052E+002  0.336730901289847E+003
  0.190617607813843E-001  0.746738541745771E+001 -0.210686303888845E+003  0.120218647886086E+002 -0.185870675237129E+001  0.237959703196384E+001  0.522954648621002E+000  0.750148768484095E+002  0.696028950100040E+001  0.171602858487817E+002  0.336148766243769E+003
  0.174218677055766E-001  0.746736780646863E+001 -0.206551959808354E+003  0.120397900932741E+002 -0.737778429509149E+000  0.238198538299154E+001  0.489209373926255E+000  0.750408457478716E+002  0.814149384670794E+001  0.169125064934419E+002  0.336568422980285E+003
  0.172216797629281E-001  0.746737302063202E+001 -0.197259701531752E+003  0.108526154840787E+002 -0.805524561776792E+000  0.238729535786161E+001  0.503818416200312E+000  0.748976153372808E+002  0.640794187680755E+001  0.169006466011784E+002  0.336180379841025E+003
  0.194982409488547E-001  0.746737064990359E+001 -0.141711621978027E+003  0.557494526399591E+001 -0.534874391163726E+000  0.241902484387657E+001  0.497728015005401E+000  0.750398542553367E+002  0.674631984700824E+001  0.167625253929571E+002  0.336155779392451E+003
  0.180328589260428E-001  0.746736560551885E+001 -0.884265277763502E+002  0.233836668058916E+001  0.384695916500846E+000  0.244949322394498E+001  0.494225565048621E+000  0.749906096950783E+002  0.708203855771245E+001  0.167714096246176E+002  0.336147562630328E+003
  0.158474616659924E-001  0.746736542238688E+001 -0.688362840209561E+002  0.131013112076528E+001  0.213495809508686E-001  0.246068696009048E+001  0.484533775405374E+000  0.749977677082429E+002  0.874371452171353E+001  0.168901785775204E+002  0.336528303079683E+003
  0.179352143143702E-001  0.746736432444952E+001 -0.903772113728053E+002  0.249779663357356E+001  0.522774135010422E+000  0.244837693182909E+001  0.491703063879043E+000  0.749869894323196E+002  0.716904286139167E+001  0.167754961172168E+002  0.336355404003522E+003
  0.187561113279617E-001  0.746737680145055E+001 -0.889236822747068E+001 -0.217964679058809E+000 -0.644440052815071E+000  0.249490641855915E+001  0.505503014712288E+000  0.750189199170712E+002  0.769695354865732E+001  0.170819275015360E+002  0.336160608059192E+003
  0.166248693999721E-001  0.746737146334134E+001 -0.176419789215380E+003  0.870533128339980E+001 -0.543765270351628E+000  0.239919815733804E+001  0.504180710329799E+000  0.750247148161719E+002  0.662656672683253E+001  0.169632826283854E+002  0.336147918210402E+003
  0.188297480475764E-001  0.746737991737816E+001 -0.146892709831036E+003  0.578150016143582E+001 -0.100491837041022E+001  0.241604980087562E+001  0.514996242678061E+000  0.749663190254872E+002  0.682133871409034E+001  0.172308348467488E+002  0.337348109137064E+003
  0.193026019283963E-001  0.746737001970616E+001 -0.153662767072006E+003  0.651357248353838E+001 -0.495097451567631E+000  0.241221466732886E+001  0.498297967781362E+000  0.748673018237337E+002  0.787079482362573E+001  0.169155638528620E+002  0.336191725232905E+003
  0.164451665212291E-001  0.746736625617285E+001 -0.989384328028509E+002  0.270394642759550E+001 -0.465394710944338E-001  0.244348778976249E+001  0.487024371491276E+000  0.749953200449506E+002  0.844065926496826E+001  0.168467150558093E+002  0.337386895553246E+003
  0.184883208269735E-001  0.746738341845569E+001 -0.179042226442302E+003  0.853142823055884E+001 -0.154105966196437E+001  0.239768092909271E+001  0.522431809895399E+000  0.750215600766635E+002  0.670384822685996E+001  0.170204835438588E+002  0.336189135823193E+003
  0.166708807036841E-001  0.746737488004094E+001 -0.152931084615349E+003  0.636610984896868E+001 -0.805265226776669E+000  0.241261563648673E+001  0.511940994355362E+000  0.750367769702384E+002  0.647809459414042E+001  0.168805826590436E+002  0.336417935725804E+003
  0.181126923170741E-001  0.746737612483358E+001 -0.449419398507890E+002  0.321401556765863E+000 -0.324943406139369E+000  0.247432349508033E+001  0.508518731014674E+000  0.750155662155568E+002  0.789516211385221E+001  0.171713601877090E+002  0.336691291311877E+003
  0.175293356712532E-001  0.746737428604783E+001 -0.189807148135075E+002 -0.119104523953638E+000 -0.294496410546230E+000  0.248915857700027E+001  0.500348363750348E+000  0.749197632884137E+002  0.830443365453562E+001  0.171280333943943E+002  0.337664719985739E+003
  0.192523053043411E-001  0.746736655885624E+001 -0.499669638027358E+002  0.711643978965185E+000  0.285992544404280E+000  0.247147327038107E+001  0.494747777988725E+000  0.750321445796916E+002  0.839969199083773E+001  0.169456057896964E+002  0.336116134006216E+003
  0.176348627497123E-001  0.746736706945223E+001 -0.930127214969897E+002  0.250047232596967E+001  0.353574954134388E+000  0.244687362538400E+001  0.496496252693232E+000  0.749823054901277E+002  0.700674861702944E+001  0.168031529866235E+002  0.337844863531028E+003
  0.187497018264391E-001  0.746737667723055E+001 -0.627368559202034E+001 -0.307118212973023E+000 -0.647604140218164E+000  0.249640454684991E+001  0.505746076761775E+000  0.750206137309223E+002  0.765083358175439E+001  0.170569258475263E+002  0.338308972324397E+003
  0.184396725348487E-001  0.746737143399711E+001 -0.583237591239990E+002  0.862365743328155E+000  0.209764543086521E-001  0.246668994759025E+001  0.503395903179024E+000  0.749904725355134E+002  0.826965641824505E+001  0.169701310238355E+002  0.336097708499822E+003
  0.184353294910673E-001  0.746737931830765E+001 -0.338481268701196E+002 -0.772158707288781E-001 -0.763305669965348E+000  0.248064902848319E+001  0.507708853837920E+000  0.750184327222509E+002  0.781020296691196E+001  0.170720096719716E+002  0.337418374429039E+003
  0.185734040890607E-001  0.746737312681271E+001 -0.174999843144825E+003  0.854889314432671E+001 -0.586419138196447E+000  0.240001241996663E+001  0.503898393090642E+000  0.749357684764256E+002  0.655810164329948E+001  0.169554803480662E+002  0.337053941269870E+003
  0.182953108318733E-001  0.746737077415052E+001 -0.580897259987282E+002  0.843027362257317E+000  0.664303820942678E-001  0.246682680229914E+001  0.502622414693528E+000  0.749881547210134E+002  0.834641065435818E+001  0.169556381813841E+002  0.336279038008546E+003
  0.202121400027166E-001  0.746737519838273E+001 -0.736596142299024E+002  0.114828171082365E+001 -0.618844410469364E+000  0.245792247654900E+001  0.506859224321097E+000  0.749729190724742E+002  0.709240595000654E+001  0.168707731590716E+002  0.336782119527552E+003
  0.185315198249713E-001  0.746737555336482E+001 -0.981550233871269E+001 -0.239050239185190E+000 -0.557737164539162E+000  0.249437855444310E+001  0.503211716229365E+000  0.750205528089306E+002  0.780455799318088E+001  0.170759655223148E+002  0.336476908010119E+003
  0.193075297246576E-001  0.746737737055354E+001 -0.985353312294953E+002  0.242376369306726E+001 -0.445926540953451E+000  0.244370407822518E+001  0.515592209515068E+000  0.748897947231492E+002  0.670261778968892E+001  0.169225322670930E+002  0.336509715062609E+003
  0.171233905585720E-001  0.746737348860179E+001 -0.213141950977239E+003  0.127456156015386E+002 -0.753514404098155E+000  0.237821881360409E+001  0.500773759658545E+000  0.749238317068468E+002  0.726988591252926E+001  0.170470105772545E+002  0.337836291560460E+003
  0.187891263372240E-001  0.746737671229240E+001 -0.544234751762326E+001 -0.310664513706570E+000 -0.644580051488902E+000  0.249687918465150E+001  0.505403684295760E+000  0.750192142007972E+002  0.773873204811006E+001  0.170639647977670E+002  0.337749227691674E+003
  0.198273114993274E-001  0.746736887020181E+001 -0.193827181220783E+003  0.105449091836167E+002 -0.712374379461380E+000  0.238925926551355E+001  0.491919393955700E+000  0.749468935162255E+002  0.814469990864951E+001  0.169465856312344E+002  0.336661321624467E+003
  0.194155281117674E-001  0.746737001084106E+001 -0.767399997589542E+002  0.148948252082914E+001 -0.312511700944924E+000  0.245616258648971E+001  0.491157419165906E+000  0.749299966802754E+002  0.902883327881448E+001  0.169953070624713E+002  0.337534314803213E+003
  0.190093653944064E-001  0.746737692916682E+001 -0.245658839719681E+003  0.168515800760467E+002 -0.141465187325025E+001  0.235963446486389E+001  0.512516890082120E+000  0.748910624679890E+002  0.696846680324629E+001  0.170167385984446E+002  0.336278444661922E+003
  0.175468789289511E-001  0.746736508886020E+001 -0.196665626684807E+002  0.166251238829204E+000  0.378893318459177E+000  0.248879122879538E+001  0.482371308957825E+000  0.749105477636339E+002  0.919868250244050E+001  0.169601573150856E+002  0.336295516143188E+003
  0.181445218796804E-001  0.746736579490470E+001 -0.147011491136363E+003  0.619062600685254E+001 -0.146398573357374E+000  0.241600485043534E+001  0.486008585910434E+000  0.749654914842637E+002  0.885973307642750E+001  0.168682933886754E+002  0.336675603266086E+003
  0.185371411794404E-001  0.746737968274618E+001 -0.130073012739483E+003  0.449301971260650E+001 -0.829721575933377E+000  0.242566273141007E+001  0.517152077292246E+000  0.749766610168137E+002  0.640393484438943E+001  0.172184723515660E+002  0.336268646094644E+003
  0.172854429173919E-001  0.746737409208494E+001 -0.141357645172143E+003  0.537313330568873E+001 -0.705638093516882E+000  0.241923147362702E+001  0.508700710581564E+000  0.750093302582658E+002  0.677030091232267E+001  0.169239174451101E+002  0.337228648974587E+003
  0.190149208655517E-001  0.746738606554135E+001 -0.183582636163495E+003  0.895135101714311E+001 -0.172549997077715E+001  0.239508376380497E+001  0.524387845431455E+000  0.750075328496536E+002  0.705258231147298E+001  0.171682369283328E+002  0.336577574444041E+003
  0.157304247448153E-001  0.746737349863203E+001 -0.115963336512700E+003  0.356541463830308E+001 -0.855265929122652E+000  0.243372549343488E+001  0.504324249255487E+000  0.750171396902789E+002  0.751707321109940E+001  0.168569897972597E+002  0.336162076327977E+003
  0.157159039785406E-001  0.746737374814450E+001 -0.117136581107833E+003  0.368572836473629E+001 -0.694090946716301E+000  0.243305984493755E+001  0.504010456197407E+000  0.749808008649382E+002  0.772894127424512E+001  0.169566794057246E+002  0.336240946289841E+003
  0.175983873313054E-001  0.746736966879034E+001 -0.144042838766858E+003  0.584567246137112E+001 -0.146814951279453E+000  0.241770621622308E+001  0.500845254927503E+000  0.750061848622460E+002  0.670337131514217E+001  0.168896928412291E+002  0.338142183985700E+003
  0.179304042376296E-001  0.746736235865238E+001 -0.661694240237056E+002  0.139550790420788E+001  0.676477412930012E+000  0.246222212249781E+001  0.489369679316848E+000  0.749446769678347E+002  0.707735107543690E+001  0.167365789125307E+002  0.336458750994148E+003
  0.190660568211554E-001  0.746736902891362E+001 -0.163964064001225E+003  0.759265920849248E+001 -0.443473953214834E+000  0.240631233944300E+001  0.490845060435977E+000  0.749648832783993E+002  0.852576562289188E+001  0.170035940993232E+002  0.337282781717521E+003
  0.179117091984342E-001  0.746736567380044E+001 -0.216623806755472E+003  0.134435318999089E+002 -0.240828141640577E+000  0.237623464787717E+001  0.489055681553749E+000  0.749537353498418E+002  0.846787745339375E+001  0.168733536081400E+002  0.336212254366886E+003
  0.166412945283307E-001  0.746737411120774E+001 -0.259864350857501E+003  0.189632226596519E+002 -0.161545454894110E+001  0.235151242499033E+001  0.504914311767054E+000  0.749466056583007E+002  0.694274939723669E+001  0.169589680389910E+002  0.336514125815723E+003
  0.197340612467179E-001  0.746737012111566E+001 -0.196498377157026E+002 -0.290987375022951E-001  0.227535228143552E-001  0.248879542458265E+001  0.499956997238222E+000  0.750010136713299E+002  0.851389584606292E+001  0.169880382948788E+002  0.336230718819906E+003
  0.190915180852827E-001  0.746736868597625E+001 -0.162261434021403E+003  0.735566693448368E+001 -0.430203876927635E+000  0.240729894865849E+001  0.497337501430144E+000  0.749226762573393E+002  0.747859522238929E+001  0.169115172686832E+002  0.337850221517317E+003
  0.162711687700574E-001  0.746736480402062E+001 -0.945575121966766E+002  0.252319235019161E+001  0.713981371407044E-001  0.244599507856312E+001  0.483890201698381E+000  0.749886246737618E+002  0.864929880896704E+001  0.168175013515276E+002  0.336317766781131E+003
  0.194319178054995E-001  0.746737508877741E+001 -0.896239342068075E+002  0.195470605049366E+001 -0.741291364558037E+000  0.244878738109710E+001  0.505673151546618E+000  0.749296332018864E+002  0.807951254056886E+001  0.170669080567248E+002  0.338106154305024E+003
  0.163294964551312E-001  0.746737781537765E+001 -0.130072900793701E+003  0.447864775388939E+001 -0.784384256408998E+000  0.242566817268001E+001  0.512080596991240E+000  0.749143760780661E+002  0.673670178187246E+001  0.169509438469221E+002  0.337130902782379E+003
  0.197397110355546E-001  0.746737815018485E+001 -0.281558126497306E+002 -0.589847415841405E-001 -0.630584352724554E+000  0.248390157008926E+001  0.507715506781152E+000  0.750244010338147E+002  0.792005478052637E+001  0.170805836869059E+002  0.336205773691511E+003
  0.190702134715142E-001  0.746738549343342E+001 -0.181904811437647E+003  0.876819533401681E+001 -0.170136461564516E+001  0.239604282378673E+001  0.523528603304335E+000  0.750032243543684E+002  0.710919392985535E+001  0.171464842662933E+002  0.336391812166491E+003
